-1730
-440015
-1720
-444821
-1604
-446159
-1788
-444600
-1812
-446687
-1796
-454137
-1692
-460687
-1732
-461780
-1680
-459221
-1712
-454740
-1728
-449569
-1640
-444403
-1788
-440633
-1628
-439560
-1668
-438786
-1756
-439449
-1688
-442736
-1688
-445114
-1808
-447582
-1820
-453843
-1644
-458875
-1716
-456516
-1716
-450637
-1748
-447100
-1804
-448800
-1704
-453309
-1660
-453340
-1784
-449304
-1632
-445782
-1684
-442318
-1676
-439812
-1636
-438378
-1636
-435564
-1728
-432938
-1616
-432204
-1772
-433554
-1824
-439821
-1756
-449743
-1784
-457391
-1760
-460931
-1756
-461820
-1676
-460270
-1752
-457027
-1792
-455065
-1764
-455266
-1824
-457411
-1724
-459781
-1672
-458289
-1696
-453394
-1740
-449520
-1636
-447112
-1760
-444854
-1620
-443267
-1752
-442385
-1768
-444242
-1800
-450044
-1828
-458122
-1704
-463855
-1716
-462652
-1748
-457804
-1700
-453865
-1712
-450259
-1540
-444448
-1732
-438189
-1772
-437854
-1720
-442265
-1688
-445235
-1676
-445703
-1652
-443907
-1696
-440557
-1720
-438574
-1612
-437690
-1616
-435289
-1828
-435119
-1748
-441443
-1680
-448740
-1620
-450049
-1748
-447428
-1756
-447207
-1736
-450247
-1696
-452707
-1732
-453159
-4356
-499078
-1172
-587847
-992
-601837
-1428
-527031
-1324
-445699
-1648
-392456
-1844
-377330
-1800
-394176
-1616
-419675
-1552
-434129
-1656
-435704
-1776
-434853
-1732
-438755
-1744
-445777
-1712
-451087
-1892
-455363
-1780
-461375
-1656
-463166
-1764
-458311
-1676
-453126
-1520
-445890
-2964
-457443
-2216
-507896
-1736
-551953
-1128
-541698
-1544
-489687
808
-398001
-104
-256099
-776
-133960
-692
-90504
-408
-94565
224
-95043
452
-62970
80
-12852
-428
13513
-964
-11299
-1032
-80378
-532
-152410
32
-179706
-1456
-177857
-1404
-204261
-1920
-267255
-1312
-334989
-1332
-375356
-1864
-393535
-2096
-420861
-1260
-446801
-1380
-441961
-1764
-422406
-1724
-416420
-1572
-419860
-1808
-425159
-1576
-432007
-1844
-437647
-1396
-437950
-1580
-428232
-1636
-416999
-1532
-411488
-1288
-403193
-1516
-390461
-1596
-383754
-1656
-387974
-1780
-401091
-1624
-417657
-1540
-427863
-1612
-429375
-1788
-430205
-1796
-437161
-1712
-446980
-1684
-452016
-1644
-450403
-1852
-447587
-1764
-449455
-1868
-456067
-316
-438540
-1620
-385937
-1752
-354045
-2296
-375776
-1996
-429252
-3360
-504614
-2380
-594099
-3092
-667483
-3468
-728790
-3612
-796201
-3428
-855683
-3132
-885899
-3336
-885937
-3340
-876823
-3276
-869706
-3624
-868647
-2972
-869270
-3292
-859368
-3128
-844477
-2840
-826017
-2872
-798907
-3072
-774435
-2872
-760970
-2620
-747945
-2672
-727565
-2104
-697489
-2724
-663788
-2236
-640998
-1992
-618915
-3532
-614132
-2272
-645409
-1612
-654399
-1568
-606452
-1752
-537990
-1768
-485055
-1808
-457231
-1656
-446174
-1632
-439495
-1468
-429793
-1368
-413723
-1280
-391624
-1676
-375210
-1764
-379938
-1624
-399853
-1660
-417349
-1704
-428022
-1712
-435209
-1728
-440123
-1760
-443878
-1728
-447246
-1652
-447336
-1676
-443839
-1644
-439805
-1740
-437742
-1696
-439259
-1912
-445161
-2404
-465649
-1456
-491051
-1948
-496155
-1564
-485978
-544
-450136
-1492
-387950
-1056
-339402
-352
-298529
-336
-239802
-376
-177391
-1012
-141348
-780
-144700
-1148
-173356
-656
-204726
-716
-219911
-968
-223215
-1088
-231773
-1340
-251243
-1408
-281017
-1296
-312537
-1480
-338486
-1408
-358451
-1936
-379401
-1792
-409473
-1864
-440723
-1572
-459609
-1812
-463877
-1888
-465380
-1592
-466441
-1616
-458192
-1584
-443904
-1500
-428768
-1548
-415155
-1764
-410263
-1616
-415816
-1596
-421972
-1820
-426718
-1336
-428496
-1884
-425254
-1904
-431866
-1260
-439657
-1304
-424834
-8328
-517402
-2972
-780735
-2536
-971680
-2648
-975135
-3196
-905792
-2856
-839474
-2904
-791189
-2788
-757848
-2832
-737460
-2956
-730129
-3156
-739008
-3484
-766550
-3376
-806522
-3320
-840841
-3536
-863568
-3552
-883115
-3536
-900497
-3448
-910086
-3936
-918293
-2972
-922610
-2940
-898738
-2940
-850881
-2712
-801613
-2388
-752897
-1680
-691028
-1508
-607265
-1700
-521590
-2440
-474816
-512
-452297
-1692
-411605
-1972
-386546
-1800
-402331
-1604
-427402
-1600
-439595
-1688
-439867
-1756
-439565
-1776
-443528
-2096
-454813
-1924
-474918
-1928
-494345
-2968
-523724
-2392
-574705
-16
-577747
-780
-481713
-724
-355219
-932
-264644
-432
-210014
-400
-170593
-508
-140348
-628
-126470
-812
-131933
-988
-156063
-896
-189124
-808
-214743
-1000
-229274
-1112
-243044
-1116
-260522
-1236
-279237
-1136
-295623
-1224
-306627
-1164
-313546
-5520
-392064
-2552
-576210
-1948
-715597
-1596
-720438
-1588
-645227
-1752
-553946
-1752
-487287
-1380
-445458
-1832
-419638
-1892
-417340
-1812
-434213
-1748
-452237
-1700
-461452
-3440
-491069
-868
-535485
-3012
-553030
-3700
-596747
-2564
-680365
-2680
-732476
-2816
-743156
-2872
-740482
-2876
-737437
-2604
-731746
-2708
-719868
-2820
-710850
-3024
-715392
-3248
-736462
-2848
-761986
-2644
-769201
-3320
-764701
-2576
-763211
4
-704793
10704
-351293
-1612
229787
-2388
492752
-2092
319171
-1836
14430
-1716
-245663
-1628
-407212
-1624
-480082
-2684
-513266
-716
-523327
-1248
-481343
-1212
-412624
-1236
-359144
-704
-317540
-896
-276589
-724
-241430
-1016
-221463
-1148
-221995
-860
-235266
-984
-245794
-980
-252348
-1168
-261020
-872
-269333
-1188
-273045
-1220
-280487
-1060
-291882
-1236
-299623
-656
-297136
-1352
-286678
-1836
-297854
-2204
-349207
-1816
-417659
-328
-442653
-776
-393232
-2880
-351845
-2708
-401195
-2272
-497896
-2456
-573687
-2616
-621506
-2760
-655930
-2608
-681064
-2500
-691161
-2388
-684590
-2308
-666282
-2332
-643647
-2440
-626437
-2372
-619424
-2272
-616302
-2144
-607893
-1952
-589623
-1448
-554529
-2964
-527483
-1924
-537581
-1864
-550341
-1728
-537548
-1608
-508817
-1260
-469101
-1432
-424513
-1068
-383311
-1604
-354622
-1260
-345469
-340
-328062
-2880
-317471
-60
-334654
-2104
-339878
-2712
-371911
-2244
-456101
-1988
-530267
-1656
-557079
-668
-522849
-1220
-442817
-896
-362154
-1212
-305202
-2012
-292190
-3120
-353874
-900
-444117
-1368
-473176
-5948
-525504
-3276
-692679
-1996
-827900
-1072
-807355
-1668
-683848
-1936
-561106
-4444
-534789
-2564
-613949
-1712
-678822
1600
-599832
-788
-394355
-1632
-232989
-1868
-208515
-2004
-272569
-1972
-363622
1460
-382682
-1904
-306100
-1716
-263746
-2292
-307730
-1356
-376592
-948
-408410
-492
-377673
-1376
-321671
-1788
-300186
-432
-304272
-1408
-294602
-2308
-308387
-1536
-363500
-1656
-410859
-1744
-434505
-1996
-453034
-1772
-471083
-1780
-479644
-2224
-485295
-1580
-492642
-1376
-481024
-1960
-456975
-1892
-449755
-1520
-452536
-1696
-447643
-1916
-444217
-2328
-460004
-1564
-484989
-2092
-497084
-2132
-506119
-1672
-514769
-1540
-504349
-1592
-476713
-2208
-458268
-2256
-471802
-1768
-499305
-2020
-512997
-1516
-508453
-1424
-483240
-916
-436403
-3116
-412063
-608
-426786
-940
-410559
-17060
-632388
-2764
-1208718
-2764
-1561496
-2392
-1473740
-2172
-1210131
-1844
-924051
-2144
-695927
-1676
-551057
-1876
-473004
-828
-423697
-1456
-376348
-2468
-363578
-2604
-417154
-1256
-482559
-1388
-493205
-1732
-466217
-592
-426555
-2256
-387941
-1888
-391123
-2652
-439434
-1988
-502181
-1016
-527435
-1048
-485087
-2060
-428468
-2636
-427651
-1964
-475508
-1788
-512863
-1624
-514807
-1688
-494979
-1708
-471512
-1860
-457295
-1772
-455152
-1700
-456361
-1884
-457523
-1272
-452826
-1764
-437031
-1792
-427546
-484
-409963
-1072
-359520
-1872
-321279
-1772
-334862
-1588
-372804
-1752
-405038
-1568
-426220
-1596
-433811
-1796
-434850
-1688
-439535
-1764
-445565
-1736
-450523
-1712
-453701
-1672
-453076
-1768
-451050
-1632
-448992
-1704
-445267
-1748
-442963
-1600
-441868
-1704
-438252
-1560
-433466
-1804
-431699
-1732
-437181
-1764
-446385
-1688
-452432
-1800
-455545
-1840
-459924
-1664
-462539
-1588
-455984
-1692
-444096
-1820
-438740
-1620
-440841
-1740
-443242
-1740
-446223
-1688
-449745
-1676
-450329
-1768
-449543
-1776
-450614
-1808
-454374
-1736
-459335
-1744
-462348
-1692
-461533
-1744
-458252
-1692
-454839
-1776
-452292
-1768
-451895
-1796
-454703
-1772
-459182
-1612
-459827
-1620
-453189

