-1576
-111
-52
-111
-1684
81
-46
81
-1848
39
-42
39
-1852
-139
-42
-139
-1716
-218
-43
-218
-1680
-185
-44
-185
-1420
-95
-42
-95
-1688
-1
-39
-1
-1932
-12
-37
-12
-1152
-219
-39
-219
-1692
-255
-41
-255
-1516
-200
-42
-200
-1616
-91
-41
-91
-1740
-4
-38
-4
-1564
77
-35
77
-1552
124
-31
124
-1540
190
-26
190
-1848
296
-19
296
-1836
446
-10
446
-1504
503
-1
503
-2268
404
4
404
-612
-37
2
-37
-2012
-58
0
-58
-2184
-72
-2
-72
-2100
-68
-4
-68
-1604
-71
-6
-71
-96
-168
-9
-168
-1540
138
-6
138
-980
274
-1
274
-668
352
4
352
-2188
135
5
135
-1184
161
7
161
-1616
295
12
295
-1636
410
19
410
-1624
595
29
595
-1800
595
38
595
-1792
254
39
254
-1844
-99
34
-99
-1656
-114
30
-114
-1532
-71
27
-71
-1528
-41
25
-41
-1884
-158
21
-158
-1972
-294
14
-294
-1192
-440
6
-440
-1980
-538
-2
-538
-1612
-505
-9
-505
-1752
-438
-14
-438
-1800
-487
-20
-487
-1556
-634
-29
-634
-1884
-645
-37
-645
-808
-697
-46
-697
-1496
-86
-42
-86
-2608
-87
-39
-87
-2660
-88
-37
-88
-1816
-85
-35
-85
-1456
-85
-34
-85
-1768
-89
-32
-89
-1808
-84
-30
-84
-2168
-95
-29
-95
-1304
-86
-27
-86
-1752
-83
-26
-83
-1812
-96
-25
-96
-1628
-101
-24
-101
-1900
-96
-23
-96
-1764
-142
-24
-142
-1564
-283
-27
-283
-1784
-500
-33
-500
-2008
-603
-41
-603
-1452
-638
-49
-638
-1696
-568
-54
-568
-1904
-283
-55
-283
-540
-213
-54
-213
-1340
-517
-60
-517
-2164
-502
-65
-502
-1524
-184
-63
-184
-1444
-9
-58
-9
-1892
41
-53
41
-1812
2
-50
2
-1536
-157
-50
-157
-1708
-100
-49
-100
-1636
48
-45
48
-1800
170
-39
170
-1688
244
-32
244
-1612
293
-25
293
-1672
356
-17
356
-1976
550
-6
550
-1544
594
3
594
544
398
9
398
-2416
56
9
56
-988
-8
8
-8
-772
-72
6
-72
-1792
-82
3
-82
-2120
-83
1
-83
-1812
-81
-1
-81
-1716
-79
-3
-79
-1772
-83
-5
-83
-2180
-86
-6
-86
-1772
-83
-8
-83
-2072
-28
-8
-28
-1768
-58
-9
-58
-1288
-76
-10
-76
-1260
-79
-11
-79
-1932
-33
-10
-33
-1740
-61
-10
-61
-2264
-75
-11
-75
-2004
-59
-10
-59
-1656
-85
-11
-85
-1900
-84
-11
-84
-1644
-84
-12
-84
-1656
-86
-12
-86
-1736
-80
-13
-80
-1720
-81
-13
-81
-1720
-80
-14
-80
-1640
-87
-14
-87
-1656
-83
-14
-83
-1652
-82
-14
-82
-1764
-79
-15
-79
-1668
-81
-15
-81
-1692
-82
-15
-82
-1668
-83
-15
-83
-1652
-84
-15
-84
-1752
-83
-15
-83
-1744
-82
-15
-82
-1612
-83
-15
-83
-1764
-84
-16
-84
-1676
-81
-16
-81
-1736
-83
-16
-83
-1684
-83
-16
-83
-1664
-83
-16
-83
-1704
-82
-16
-82
-1784
-81
-16
-81
-1684
-84
-16
-84
-1708
-80
-16
-80
-1636
-83
-16
-83
-1756
-84
-16
-84
-1704
-82
-16
-82
-1688
-85
-16
-85
-1720
-83
-16
-83
-1744
-82
-16
-82
-1688
-84
-17
-84
-1696
-82
-16
-82
-1628
-84
-16
-84
-1780
-87
-16
-87
-2336
-72
-17
-72
-3700
-187
-23
-187
-1664
57
-24
57
-2396
-243
-27
-243
-1880
-65
-22
-65
-2420
-107
-17
-107
-1184
-84
-11
-84
1212
16
-3
16
-4104
2
1
2
2036
36
2
36
-2080
-50
-1
-50
-2492
-62
-6
-62
-1688
-74
-9
-74
-1672
-87
-11
-87
-1724
-88
-12
-88
-1652
-85
-13
-85
-1624
-85
-13
-85
-1724
-88
-13
-88
-1700
-102
-14
-102
-1704
-91
-14
-91
-1792
-95
-15
-95
-1688
-104
-15
-104
-1724
-94
-16
-94
-1732
-96
-16
-96
-1776
-95
-16
-95
-1716
-102
-17
-102
-1704
-100
-17
-100
-1808
-97
-17
-97
-1708
-88
-17
-88
-1764
-89
-17
-89
-1704
-86
-17
-86
-1632
-82
-17
-82
-1712
-81
-17
-81
-1824
-82
-17
-82
-1676
-80
-17
-80
-1740
-80
-17
-80
-1696
-81
-17
-81
-1748
-82
-17
-82
-1628
-83
-17
-83
-1756
-82
-17
-82
-1696
-93
-17
-93
-1612
-118
-18
-118
-1708
-98
-18
-98
-1832
-89
-18
-89
-1812
-80
-18
-80
-1580
-75
-17
-75
-1788
-80
-17
-80
-1744
-86
-17
-86
-1812
-103
-18
-103
-1680
-93
-18
-93
-1792
-85
-18
-85
-1756
-81
-18
-81
-1688
-84
-18
-84
-1756
-81
-17
-81
-1696
-81
-17
-81
-1772
-82
-17
-82
-1692
-76
-17
-76
-1744
-73
-17
-73
-1732
-81
-17
-81
-1736
-85
-17
-85
-1664
-95
-17
-95
-1660
-89
-18
-89
-1708
-83
-17
-83
-1784
-83
-17
-83
-1788
-79
-17
-79
-1812
-77
-17
-77
-1744
-81
-17
-81
-1812
-93
-17
-93
-1756
-93
-17
-93
-1696
-92
-17
-92
-1716
-86
-17
-86
-1276
-82
-17
-82
-1776
-96
-17
-96
-2204
-159
-18
-159
-1292
-558
-27
-558
-1712
-873
-41
-873
-1704
-840
-53
-840
-1744
-226
-52
-226
-1508
357
-41
357
-1632
410
-30
410
-1672
121
-27
121
-1584
-135
-28
-135
-1476
-231
-30
-231
-1640
-102
-29
-102
-1524
79
-25
79
-1584
226
-19
226
-1684
323
-11
323
-132
368
-4
368
-1792
-51
-5
-51
-776
-83
-7
-83
-2972
-80
-8
-80
-2072
-74
-9
-74
-1456
-83
-10
-83
-1620
-84
-11
-84
-1736
-84
-11
-84
-1308
-77
-12
-77
-1712
-80
-12
-80
-1800
-84
-13
-84
-1764
-82
-14
-82
-2356
-80
-14
-80
-1396
-79
-15
-79
-1756
-62
-15
-62
-2040
-56
-15
-56
-1548
-62
-15
-62
-1376
-62
-15
-62
-1728
-62
-15
-62
-1632
-74
-14
-74
-1748
-77
-14
-77
-1788
-80
-14
-80
-1700
-78
-14
-78
-1688
-75
-14
-75
-1812
-82
-15
-82
-1672
-81
-15
-81
-1788
-80
-15
-80
-1744
-77
-15
-77
-1656
-74
-15
-74
-1772
-78
-15
-78
-1696
-73
-15
-73
-1672
-45
-14
-45
-940
-224
-18
-224
-1452
-89
-17
-89
-1956
-79
-17
-79
-1576
-84
-16
-84
-1676
-85
-16
-85
-1712
-85
-16
-85
-1740
-82
-16
-82
-1664
-84
-16
-84
-1664
-80
-16
-80
-1680
-84
-16
-84
-1672
-83
-16
-83
-1600
-84
-16
-84
-1640
-80
-16
-80
-1756
-83
-16
-83
-1736
-84
-16
-84
-1696
-83
-16
-83
-1740
-82
-16
-82
-1740
-84
-16
-84
-1620
-81
-16
-81
-1760
-77
-16
-77
-1708
-79
-16
-79
-1748
161
-12
161
-1556
783
4
783
-2420
1296
28
1296
-1020
612
36
612
-676
-16
31
-16
-1228
-93
27
-93
-2244
-101
24
-101
-1400
-149
20
-149
-1652
-252
15
-252
-1856
-337
9
-337
-1416
-503
0
-503
-1704
-456
-7
-456
-1916
-361
-11
-361
-1764
-280
-14
-280
-1548
-283
-17
-283
-1696
-326
-21
-326
-1964
-248
-23
-248
-1692
-143
-22
-143
-1832
-138
-22
-138
-1772
-132
-22
-132
-1760
-121
-22
-121
-1764
-106
-21
-106
-1672
-94
-20
-94
-1712
-88
-19
-88
-1700
-84
-19
-84
-1740
-88
-18
-88
-1724
-94
-18
-94
-1760
-88
-17
-88
-1768
-83
-17
-83
-1704
-84
-16
-84
-1692
-80
-16
-80
-1728
-78
-15
-78
-1736
-77
-15
-77
-1688
-87
-15
-87
-1684
-100
-15
-100
-1728
-95
-15
-95
-1656
-91
-15
-91
-1752
-86
-15
-86
-1728
-81
-15
-81
-1700
-85
-15
-85
-1684
-86
-15
-86
-1676
-87
-15
-87
-1664
-101
-15
-101
-1728
-91
-15
-91
-1668
-91
-15
-91
-1624
-92
-15
-92
-1708
-95
-15
-95
-1752
-91
-15
-91
-1664
-96
-15
-96
-1752
-93
-15
-93
-1608
-89
-15
-89
-1740
-87
-15
-87
-1796
-85
-15
-85
-1768
-88
-15
-88
-1648
-91
-15
-91
-1676
-99
-15
-99
-1788
-98
-15
-98
-1764
-91
-15
-91
-1764
-87
-15
-87
-1608
-86
-15
-86
-1684
-76
-15
-76
-1788
-99
-15
-99
-1680
-108
-15
-108
-1892
-117
-16
-117
-3104
-290
-20
-290
-1716
-208
-23
-208
-1368
-80
-24
-80
-1904
-35
-22
-35
-1884
-123
-22
-123
-796
-38
-20
-38
-2336
-20
-18
-20
-1500
-121
-17
-121
-1528
-123
-18
-123
-1772
-52
-17
-52
-1804
-47
-16
-47
-1684
-74
-16
-74
-1708
-87
-16
-87
-1752
-104
-17
-104
-1344
-47
-16
-47
-1924
-72
-16
-72
-1696
-74
-15
-74
-1712
-70
-15
-70
-1732
-84
-15
-84
-1620
-99
-16
-99
-1728
-94
-16
-94
-1708
-86
-16
-86
-1728
-77
-16
-77
-1660
-92
-16
-92
-1972
-72
-16
-72
-2076
-82
-16
-82
-1604
-95
-16
-95
-1664
-86
-16
-86
-1652
-88
-16
-88
-1656
-86
-16
-86
-1628
-85
-16
-85
-1736
-92
-16
-92
-1760
-77
-16
-77
-1656
-73
-16
-73
-1660
-79
-16
-79
-1752
-80
-16
-80
-1816
-86
-16
-86
-1764
-90
-16
-90
-1716
-55
-16
-55
-1764
201
-10
201
-1464
-178
-12
-178
-2948
-19
-10
-19
-3084
-147
-12
-147
-2412
-156
-16
-156
-296
-130
-18
-130
-1408
-71
-18
-71
-2000
-91
-18
-91
-1588
-17
-16
-17
-1604
-29
-14
-29
-2284
-107
-14
-107
-496
-107
-14
-107
-1872
-141
-16
-141
-1692
-57
-15
-57
-2144
-59
-15
-59
-1900
-51
-14
-51
-1780
-80
-14
-80
-1776
-69
-13
-69
-1592
-89
-13
-89
-1564
-105
-13
-105
-1720
-100
-14
-100
-1624
-104
-14
-104
-1692
-98
-14
-98
-1644
-85
-14
-85
-1828
-84
-14
-84
-1688
-89
-15
-89
-1616
-83
-15
-83
-1760
-79
-14
-79
-1768
-70
-14
-70
-1748
-61
-14
-61
-1144
-44
-13
-44
-1800
-87
-14
-87
-1716
-104
-14
-104
-1752
-110
-15
-110
-1600
-101
-16
-101
-1720
-98
-16
-98
-1724
-93
-16
-93
-1704
-99
-16
-99
-1728
-94
-16
-94
-1708
-90
-16
-90
-1636
-83
-16
-83
-1648
-87
-16
-87
-1716
-97
-16
-97
-1600
-100
-16
-100
-1564
-90
-17
-90
-1672
-78
-16
-78
-1764
-85
-16
-85
-1604
-89
-16
-89
-1752
-103
-17
-103
-1684
-108
-17
-108
-1152
-113
-18
-113
-1584
-142
-19
-142
-1596
-169
-20
-169
-1832
-109
-20
-109
-2128
-212
-22
-212
-2588
-597
-32
-597
-1360
-891
-46
-891
-1576
-719
-55
-719
-1964
-290
-55
-290
-1500
17
-50
17
-1928
46
-45
46
-1520
-75
-43
-75
-1608
-158
-43
-158
-1572
47
-39
47
-1312
450
-27
450
-1352
812
-10
812
-1456
941
7
941
-888
-74
3
-74
-1664
27
2
27
1000
-85
0
-85
-1956
-98
-3
-98
-1904
-80
-5
-80
-1600
-84
-7
-84
-1712
-79
-8
-79
-1628
-83
-9
-83
-1560
-84
-10
-84
-1716
-81
-11
-81
-1784
-76
-12
-76
-1736
-76
-13
-76
-1688
-69
-13
-69
-1692
-66
-13
-66
-1724
-82
-14
-82
-1700
-88
-14
-88
-1728
-86
-15
-86
-1708
-89
-15
-89
-1716
-91
-16
-91
-1728
-80
-16
-80
-1768
-85
-16
-85
-1656
-96
-16
-96
-1844
-94
-17
-94
-1876
-93
-17
-93
-1424
-89
-17
-89
-1688
-88
-17
-88
-1632
-83
-17
-83
-1672
-83
-17
-83
-1820
-82
-17
-82
-1644
-81
-17
-81
-1656
-84
-17
-84
-1776
-84
-17
-84
-1760
-84
-17
-84
-1652
-82
-17
-82
-1728
-78
-17
-78
-1720
-79
-17
-79
-1728
-74
-17
-74
-1688
-57
-17
-57
-1752
-63
-16
-63
-1824
-54
-16
-54
-1768
-67
-16
-67
-1688
-82
-16
-82
-1760
-80
-16
-80
-1712
-88
-16
-88
-1720
-86
-16
-86
-1664
-72
-16
-72
-1844
26
-14
26
-2612
301
-6
301
-1100
779
8
779
-892
669
20
669
-2312
526
28
526
-1916
692
38
692
-664
597
46
597
-1852
160
45
160
-1664
-181
37
-181
-1476
-216
31
-216
-1876
-185
26
-185
-1696
-22
24
-22
-1324
14
24
14
-1612
-120
21
-120
-1816
-262
15
-262
-1748
-400
7
-400
-1872
-692
-4
-692
-1304
-827
-18
-827
-1436
-737
-28
-737
-2124
-566
-34
-566
-1628
-370
-36
-370
-1948
-188
-35
-188
-1752
-76
-32
-76
-1680
-140
-31
-140
-1772
-257
-32
-257
-1096
-212
-32
-212
-1736
-87
-30
-87
-1644
-63
-27
-63
-1696
-85
-26
-85
-1792
-94
-24
-94
-1604
-114
-24
-114
-1716
-110
-23
-110
-1676
-89
-22
-89
-1652
-82
-21
-82
-1788
-87
-20
-87
-1680
-88
-20
-88
-1720
-93
-19
-93
-1644
-104
-19
-104
-1720
-112
-19
-112
-1756
-117
-19
-117
-1716
-101
-19
-101
-1700
-82
-18
-82
-1680
-77
-18
-77
-1756
-80
-17
-80
-1656
-95
-17
-95
-1728
-90
-17
-90
-1660
-84
-17
-84
-1768
-87
-17
-87
-1656
-74
-17
-74
-1684
-78
-16
-78
-1692
-86
-16
-86
-1744
-87
-16
-87
-1692
-87
-16
-87
-1628
-87
-16
-87
-1756
-89
-16
-89
-1724
-110
-16
-110
-1748
-111
-17
-111
-1696
-108
-17
-108
-3024
-321
-22
-321
-5520
-35
-20
-35
372
-199
-23
-199
-2268
-917
-38
-917
-1176
-1384
-61
-1384
-5804
-1086
-75
-1085
-1764
725
-54
725
-1264
795
-35
795
-1752
591
-22
591
-1644
143
-19
143
-1708
-329
-25
-328
-1384
-382
-30
-381
-1688
45
-26
45
-1712
597
-11
597
-4336
109
-9
109
-184
-79
-12
-78
-2796
-84
-14
-83
-1220
-83
-16
-82
-1248
-81
-17
-80
-1844
-83
-17
-82
-1804
-82
-17
-81
-1640
-83
-17
-82
-1720
-85
-17
-84
-1692
-87
-17
-86
-1804
-86
-17
-85
-1740
-83
-17
-82
-1704
-81
-17
-80
-1720
-83
-17
-82
-1612
-80
-17
-79
-1724
-86
-17
-85
-1800
-82
-17
-81
-1824
-82
-17
-81
-1812
-81
-17
-80
-1632
-84
-17
-83
-1688
-82
-17
-81
-1780
-80
-17
-79
-1608
-83
-17
-82
-1716
-82
-17
-81
-1556
-83
-17
-82
-1648
-82
-17
-81
-1724
-83
-17
-82
-1716
-84
-17
-83
-1728
-85
-17
-84
-1716
-81
-17
-80
-1688
-83
-17
-82
-1784
-83
-17
-82
-1680
-81
-17
-80
-1688
-82
-17
-81
-1696
-82
-17
-81
-1684
-81
-17
-80
-1796
-84
-17
-83
-1708
-79
-17
-78
-1680
-81
-17
-80
-1724
-79
-17
-78
-1748
-87
-17
-86
-1788
-81
-17
-80
-1492
-87
-17
-86
-1888
-81
-17
-80
-1808
-85
-17
-84
-1800
-150
-19
-149
-1576
-297
-23
-296
-1948
-451
-29
-450
-1576
-533
-36
-532
-1480
-466
-41
-465
-1812
-197
-41
-196
-1624
-24
-37
-23
-1416
-90
-36
-89
-1744
-234
-38
-233
-1788
-352
-42
-351
-1676
-382
-46
-381
-1540
-206
-46
-205
-1548
312
-36
312
-1764
972
-14
972
-1684
1183
8
1183
-2772
-110
2
-109
-3580
-81
-1
-80
-824
-84
-4
-83
-3556
-84
-6
-83
-1324
-81
-7
-80
-1768
-79
-8
-78
-1720
-84
-9
-83
-1724
-84
-10
-83
-1608
-83
-11
-82
-1780
-85
-12
-84
-1664
-85
-13
-84
-1692
-86
-13
-85
-1692
-85
-14
-84
-1708
-85
-14
-84
-1680
-85
-15
-84
-1716
-81
-15
-80
-1736
-85
-15
-84
-1732
-82
-15
-81
-1708
-83
-15
-82
-1656
-83
-16
-82
-1812
-84
-16
-83
-1676
-82
-16
-81
-1852
-82
-16
-81
-1680
-84
-16
-83
-1720
-81
-17
-80
-1772
-85
-17
-84
-1732
-81
-17
-80
-1800
-84
-17
-83
-1740
-84
-17
-83
-1656
-83
-17
-82
-1660
-83
-17
-82
-1744
-82
-17
-81
-1692
-86
-17
-85
-1768
-85
-17
-84
-1688
-84
-17
-83
-1624
-83
-17
-82
-1808
-84
-17
-83
-1652
-83
-17
-82
-1644
-83
-17
-82
-1664
-83
-17
-82
-1596
-94
-18
-93
-1752
-85
-18
-84
-1884
-82
-17
-81
-2188
-81
-17
-80
-1628
-82
-16
-81
-1608
-81
-16
-80
-2500
-96
-15
-95
-2184
-70
-13
-69
-1708
-10
-9
-9
-1612
-134
-10
-133
-1516
-95
-11
-94
-1516
-115
-13
-114
-1992
-93
-15
-92
-1416
-89
-16
-88
-1976
-83
-17
-82
-1632
-82
-17
-81
-1252
-99
-16
-98
-1572
-76
-15
-75
-1624
-82
-14
-81
-1700
-83
-14
-82
-2312
-97
-14
-96
-1520
-87
-15
-86
-1876
-83
-15
-82
-1732
-82
-15
-81
-1776
-86
-15
-85
-1740
-71
-15
-70
-1512
-85
-15
-84
-1616
-83
-16
-82
-1820
-81
-16
-80
-1784
-86
-17
-85
-1720
-82
-17
-81
-1792
-86
-17
-85
-1660
-83
-17
-82
-1676
-81
-17
-80
-1624
-84
-17
-83
-1680
-84
-17
-83
-1676
-83
-17
-82
-1688
-85
-17
-84
-1720
-82
-17
-81
-1748
-84
-17
-83
-1644
-81
-17
-80
-1688
-84
-17
-83
-1744
-79
-17
-78
-1868
-82
-17
-81
-1760
-84
-17
-83
-1704
-81
-17
-80
-1716
-84
-17
-83
-1812
-87
-17
-86
-1684
-83
-17
-82
-1704
-84
-17
-83
-1720
-82
-17
-81
-1612
-80
-17
-79
-1756
-84
-18
-83
-1700
-80
-18
-79
-1660
-86
-18
-85
-1656
-83
-18
-82
-1688
-86
-18
-85
-1772
-84
-18
-83
-1768
-83
-17
-82
-1740
-82
-17
-81
-1708
-80
-17
-79
-1656
-82
-17
-81
-1700
-81
-17
-80
-1740
-82
-17
-81
-1508
-87
-17
-86
-1772
-86
-17
-85
-1828
-82
-17
-81
-1736
-82
-17
-81
-1672
-80
-17
-79
-1772
-82
-17
-81
-688
-76
-17
-75
-1520
585
-4
585
4
1265
21
1265
-2256
612
29
612
-1688
-185
21
-184
-2156
-386
10
-385
-2048
-457
0
-456
-1460
-117
-1
-116
-1780
114
1
114
-1628
53
3
53
-1696
-62
2
-61
-1844
-97
1
-96
-1880
-132
0
-131
-1612
-143
-2
-142
-1728
-131
-4
-130
-1760
-316
-9
-315
-1388
-620
-20
-619
-1604
-757
-31
-756
-1644
-594
-39
-593
-1552
-75
-35
-74
-1592
-84
-32
-83
-1732
-82
-30
-81
-1612
-82
-29
-81
-1664
-83
-27
-82
-1772
-83
-26
-82
-1700
-81
-25
-80
-1800
-84
-24
-83
-1680
-85
-23
-84
-1664
-82
-22
-81
-1696
-84
-22
-83
-1676
-81
-21
-80
-1756
-81
-21
-80
-1736
-86
-20
-85
-1740
-82
-20
-81
-1728
-83
-20
-82
-1636
-85
-20
-84
-1752
-82
-19
-81
-1800
-84
-19
-83
-1740
-81
-19
-80
-1624
-82
-18
-81
-1664
-85
-18
-84
-1816
-80
-18
-79
-1796
-88
-18
-87
-1836
-84
-18
-83
-1768
-84
-18
-83
-1800
-84
-18
-83
-1676
-85
-18
-84
-1728
-82
-18
-81
-1592
-83
-18
-82
-1692
-83
-18
-82
-1708
-81
-18
-80
-1812
-77
-18
-76
-1632
53
-15
53
-1200
631
-1
631
-1072
1155
22
1155
-2144
783
35
783
-1944
267
35
267
-1248
-145
28
-144
-1780
-224
21
-223
-1652
-199
16
-198
-1708
-77
14
-76
-1948
-9
14
-8
-1628
-48
13
-47
-1740
-121
10
-120
-1828
-220
6
-219
-1764
-373
0
-372
-1516
-622
-11
-621
-1256
-1034
-29
-1033
-3140
-1246
-49
-1245
-3892
-88
-43
-87
-3840
-81
-39
-80
-1900
-84
-35
-83
-1624
-84
-32
-83
-1556
-82
-30
-81
-1728
-80
-29
-79
-1652
-82
-27
-81
-1704
-82
-26
-81
-1692
-81
-25
-80
-1716
-82
-24
-81
-1720
-83
-23
-82
-1680
-82
-22
-81
-1756
-77
-22
-76
-1652
-81
-21
-80
-1776
-81
-20
-80
-1568
-81
-20
-80
-1584
-83
-20
-82
-1704
-84
-19
-83
-1828
-77
-19
-76
-1740
-80
-19
-79
-1756
-83
-19
-82
-1776
-78
-18
-77
-1676
-71
-18
-70
-1784
-58
-17
-57
-1676
-51
-17
-50
-1948
-43
-16
-42
-1624
-62
-16
-61
-1636
-84
-16
-83
-1720
-89
-16
-88
-1784
-91
-16
-90
-1612
-99
-17
-98
-1628
-85
-17
-84
-1648
-82
-17
-81
-1808
-78
-17
-77
-1724
-88
-17
-87
-1812
-101
-17
-100
-684
-131
-18
-130
-1208
-144
-19
-143
-1864
-85
-18
-84
-3220
-84
-18
-83
-1236
-437
-25
-436
-748
-996
-42
-995
-1680
-1268
-62
-1267
-1420
-1156
-77
-1155
-100
-490
-78
-489
-1596
-194
-74
-193
-1972
-174
-72
-173
-1472
-196
-70
-195
-1908
-104
-68
-103
-1752
-50
-64
-49
-1744
11
-59
11
-1840
28
-55
28
-1764
68
-50
68
-1468
201
-43
201
-1672
403
-33
403
-1640
795
-16
795
-1164
1421
10
1421
-1712
-160
4
-159
-4692
-84
5
-83
-2788
-79
9
-78
-1992
-85
11
-84
-1552
-79
11
-78
-1536
-66
10
-65
-2328
-78
8
-77
-1376
-81
4
-80
-1732
-79
1
-78
-1992
-80
0
-79
-1828
-84
-3
-83
-1560
-84
-5
-83
-1600
-80
-7
-79
-1744
-82
-8
-81
-1772
-84
-9
-83
-1788
-83
-10
-82
-1740
-84
-11
-83
-1708
-80
-12
-79
-2428
-78
-12
-77
-1424
-81
-13
-80
-2504
-78
-13
-77
-1660
-83
-14
-82
-1700
-82
-14
-81
-1812
-81
-15
-80
-1672
-85
-15
-84
-1668
-84
-15
-83
-1148
-81
-15
-80
-1704
-84
-16
-83
-1756
-81
-16
-80
-1764
-83
-16
-82
-1800
-85
-16
-84
-2440
-80
-16
-79
-1036
-81
-16
-80
-1528
-77
-16
-76
-2016
-83
-17
-82
-1176
-82
-16
-81
-1852
-80
-16
-79
-1680
-81
-16
-80
-1744
-80
-16
-79
-1744
-84
-16
-83
-1684
-78
-16
-77
-1572
-80
-16
-79
-1700
-83
-17
-82
-1728
-84
-17
-83
-1728
-81
-17
-80
-1704
-84
-17
-83
-1736
-83
-17
-82
-1696
-82
-17
-81
-1584
-85
-17
-84
-1720
-86
-17
-85
-1756
-83
-17
-82
-1696
-82
-17
-81
-1640
-81
-17
-80
-1600
-78
-17
-77
-1688
-81
-17
-80
-1752
-84
-17
-83
-1644
-84
-17
-83
-1676
-80
-17
-79
-1752
-78
-17
-77
-1716
-84
-17
-83
-1752
-82
-17
-81
-1760
-81
-17
-80
-1616
-83
-17
-82
-1688
-83
-17
-82
-1700
-83
-17
-82
-1572
-84
-17
-83
-1664
-82
-17
-81
-1716
-83
-17
-82
-1620
-85
-17
-84
-1716
-82
-17
-81
-1648
-81
-17
-80
-1760
-82
-17
-81
-1704
-84
-17
-83
-1840
-81
-17
-80
-1652
-81
-17
-80
-1692
-82
-17
-81
-1752
-81
-17
-80
-1748
-84
-17
-83
-1624
-84
-17
-83
-1712
-83
-17
-82
-1708
-83
-17
-82
-1756
-85
-17
-84
-1584
-81
-17
-80
-1688
-83
-17
-82
-1636
-80
-17
-79
-1744
-83
-17
-82
-1732
-83
-17
-82
-1736
-84
-17
-83
-1784
-83
-17
-82
-1736
-83
-17
-82
-1768
-80
-17
-79
-1628
-83
-17
-82
-1684
-85
-17
-84
-1708
-85
-17
-84
-1348
-84
-17
-83
-1836
-83
-17
-82

