-4653056
-1327104
-307
-80
-4849664
-2342912
-308
-142
-4128768
-1294336
-303
-78
-5111808
-1327104
-305
-80
-4456448
-1392640
-303
-84
-5439488
-1359872
-308
-82
-5505024
-1359872
-313
-82
-4653056
-1359872
-311
-82
-4325376
-1359872
-307
-82
-4259840
-1327104
-303
-80
-3145728
-1376256
-290
-83
-5111808
-1294336
-295
-78
-4915200
-1327104
-297
-80
-4653056
-1376256
-297
-83
-6684672
-1327104
-312
-80
-5701632
-1359872
-318
-82
-4587520
-1359872
-315
-82
-5832704
-1359872
-322
-82
-4128768
-1343488
-315
-81
-5570560
-770048
-319
-46
-2031616
-1310720
-296
-79
-4259840
-1032192
-293
-62
-3014656
-1802240
-281
-109
-5898240
-1327104
-293
-80
-6160384
-1343488
-305
-81
-5832704
-1327104
-313
-80
-4849664
-1474560
-312
-89
-6488064
-1359872
-324
-82
-6553600
-1343488
-335
-81
-4390912
-1327104
-329
-80
-5898240
-1327104
-334
-80
-5898240
-1294336
-339
-78
-5046272
-1277952
-336
-77
-6094848
-1343488
-343
-81
-3997696
-1343488
-332
-81
-4456448
-1310720
-326
-79
-8388608
-1097728
-350
-66
-2752512
-1179648
-329
-71
-5111808
-1097728
-328
-66
-2621440
-1228800
-309
-74
-6815744
-1114112
-323
-67
-3801088
-1015808
-313
-61
-2424832
-983040
-294
-59
-2949120
-1310720
-281
-79
-3211264
-1261568
-272
-76
-17301504
1114112
-368
68
6225920
4014080
-270
245
-10158080
2588672
-310
158
786432
737280
-265
45
720896
-1622016
-228
-98
7602176
-2686976
-145
-163
-7798784
-704512
-187
-42
4325376
-98304
-131
-5
4325376
-999424
-82
-60
7667712
-3162112
-17
-192
-3276800
-6897664
-49
-420
-1769472
-6569984
-64
-400
-2555904
-4472832
-81
-272
-3014656
-1359872
-96
-82
-3670016
-1376256
-113
-83
-2162688
-1376256
-117
-83
-4194304
-1327104
-136
-80
-5177344
-1343488
-160
-81
-5242880
-1327104
-182
-80
-4325376
-1327104
-194
-80
-4390912
-1392640
-205
-84
-4128768
-1327104
-212
-80
-3014656
-1359872
-210
-82
-3211264
-1359872
-210
-82
-3407872
-1376256
-211
-83
-6225920
-1359872
-234
-82
-5242880
-1327104
-246
-80
-5046272
-1376256
-256
-83
-3735552
-1343488
-254
-81
-4521984
-1376256
-258
-83
-3801088
-1392640
-257
-84
-4653056
-1359872
-262
-82
-4849664
-1327104
-267
-80
-4521984
-1343488
-270
-81
-5046272
-1327104
-276
-80
-5505024
-1359872
-285
-82
-2752512
-1359872
-272
-82
-5046272
-1605632
-279
-97
65536
-2293760
-246
-139
-14417920
-3489792
-330
-212
12713984
-12337152
-207
-752
-11403264
-17580032
-289
-1072
-19988480
-23412736
-434
-1428
-47841280
-20283392
-770
-1237
-59375616
-9781248
-1139
-596
-40566784
1064960
-1304
64
-38076416
7143424
-1423
435
-21364736
7372800
-1399
449
-23592960
6586368
-1396
401
-28966912
9551872
-1431
582
-9830400
5570560
-1320
339
-6946816
5423104
-1201
330
-12845056
3686400
-1144
224
-1900544
5046272
-1010
307
-3145728
4292608
-902
261
-10878976
2310144
-869
141
-6553600
1015808
-809
62
-2555904
-163840
-728
-9
-7340032
-1310720
-694
-79
-5505024
-1261568
-651
-76
-5111808
-1310720
-610
-79
-6160384
-1294336
-583
-78
-6356992
-1294336
-560
-78
-3866624
-1343488
-521
-81
-5242880
-1343488
-497
-81
-3801088
-1359872
-466
-82
-6291456
-1327104
-457
-80
-5505024
-1327104
-444
-80
-5701632
-1294336
-433
-78
-5177344
-1327104
-420
-80
-5046272
-1294336
-408
-78
-5177344
-1294336
-398
-78
-3997696
-1228800
-380
-74
-3932160
-1146880
-364
-69
-6422528
-1163264
-369
-70
-2752512
-1146880
-345
-69
-3670016
-1097728
-331
-66
-3473408
-1064960
-317
-64
-3735552
-1097728
-308
-66
-4390912
-1097728
-304
-66
-2424832
-1277952
-286
-77
8454144
-835584
-187
-50
-9895936
13189120
-223
805
18612224
13893632
-36
848
2031616
9650176
-4
589
26738688
-3489792
196
-212
17104896
-10420224
289
-635
983040
-11878400
245
-724
-2228224
-6897664
189
-420
65536
-5079040
160
-309
-2752512
-5423104
112
-330
20316160
-5701632
246
-347
-917504
-3538944
204
-215
-983040
-2736128
167
-166
-4063232
-2129920
113
-129
-3670016
-1736704
69
-105
-6225920
-1376256
11
-83
-2686976
-1376256
-12
-83
-3538944
-1359872
-39
-82
-1703936
-1376256
-49
-83
-6291456
-1327104
-92
-80
-4915200
-1343488
-120
-81
-655360
-1294336
-111
-78
-2490368
-1343488
-118
-81
-12648448
-1294336
-201
-78
-1376256
-1310720
-188
-79
-3211264
-1327104
-191
-80
-1900544
-1359872
-183
-82
-3407872
-1343488
-188
-81
-5373952
-1409024
-207
-85
-5570560
-1130496
-225
-68
-4521984
-1589248
-233
-96
-3735552
-1572864
-234
-95
-4325376
-1736704
-240
-105
-4718592
-753664
-247
-45
-2686976
-1310720
-238
-79
-5505024
-1261568
-252
-76
-4915200
-1294336
-259
-78
-4325376
-1359872
-262
-82
-4980736
-1359872
-269
-82
-3276800
-1392640
-262
-84
-2424832
-1359872
-249
-82
-4521984
-1277952
-254
-77
-4521984
-1294336
-258
-78
-5963776
-2129920
-274
-129
-9764864
-2129920
-317
-129
262144
-1785856
-277
-108
-1376256
-1835008
-255
-111
-11927552
-901120
-315
-54
-8257536
-688128
-340
-41
-917504
-360448
-305
-21
-6291456
-1310720
-316
-79
-4390912
-1376256
-312
-83
-6815744
-1458176
-327
-88
-6422528
-1802240
-337
-109
-7929856
-1802240
-357
-109
-131072
-1753088
-316
-106
-2949120
-1343488
-300
-81
-4259840
-933888
-296
-56
0
-1130496
-261
-68
-5308416
-1163264
-270
-70
-3080192
-1327104
-261
-80
-5832704
-1392640
-275
-84
-4587520
-1458176
-277
-88
-4390912
-1523712
-278
-92
-4325376
-1343488
-278
-81
-6488064
-1343488
-294
-81
-6619136
-1343488
-309
-81
-5111808
-1327104
-311
-80
-6160384
-1343488
-321
-81
-2424832
-1376256
-301
-83
-4784128
-1376256
-301
-83
-3538944
-1310720
-292
-79
-5308416
-1310720
-298
-79
-3342336
-1261568
-288
-76
-3932160
-1277952
-283
-77
-4980736
-1359872
-287
-82
-4653056
-1310720
-289
-79
-4718592
-1310720
-290
-79
-4325376
-1327104
-288
-80
-3735552
-1310720
-282
-79
-5046272
-1277952
-287
-77
-5308416
-1343488
-293
-81
-3866624
-1327104
-288
-80
-4128768
-1359872
-285
-82
-6029312
-1294336
-297
-78
-4849664
-1261568
-298
-76
-5636096
-1359872
-305
-82
-3932160
-1359872
-299
-82
-4128768
-1310720
-295
-79
-3080192
-1359872
-283
-82
-4980736
-1359872
-287
-82
-4980736
-1359872
-291
-82
-4456448
-1310720
-290
-79
-5701632
-1277952
-299
-77
-4456448
-1343488
-297
-81
-4259840
-1310720
-294
-79
-6225920
-1359872
-306
-82
-4521984
-1343488
-304
-81
-3801088
-1359872
-297
-82
-4849664
-1327104
-298
-80
-3866624
-1343488
-292
-81
-5242880
-1277952
-297
-77
-4063232
-1294336
-292
-78
-4390912
-1343488
-291
-81
-4849664
-1277952
-293
-77
-4128768
-1294336
-289
-78
-3473408
-1228800
-281
-74
-5111808
-1212416
-287
-73
-3538944
-1212416
-279
-73
-3276800
-1114112
-271
-67
-3604480
-983040
-265
-59
-8519680
-589824
-298
-35
-5636096
-1081344
-305
-65
-2621440
-1294336
-288
-78
-4718592
-1359872
-290
-82
-3407872
-1392640
-281
-84
-4128768
-1343488
-279
-81
-2818048
-1867776
-268
-113
-4325376
-2080768
-270
-126
-20250624
-376832
-391
-22
-93061120
-1900544
-1055
-115
-1310720
-1802240
-935
-109
-1966080
-1294336
-835
-78
-4128768
-1294336
-763
-78
-6815744
-1359872
-721
-82
-4587520
-1392640
-668
-84
-3080192
-1310720
-609
-79
-5177344
-1359872
-574
-82
-5308416
-1359872
-545
-82
-5111808
-1327104
-517
-80
-5439488
-1376256
-496
-83
-3866624
-1359872
-465
-82
-5832704
-1359872
-453
-82
-4325376
-1392640
-431
-84
-4063232
-1376256
-410
-83
-4063232
-1343488
-391
-81
-5505024
-1310720
-386
-79
-6422528
-1327104
-388
-80
-4784128
-1327104
-378
-80
-4128768
-1376256
-364
-83
-3538944
-1359872
-347
-82
-4325376
-1343488
-338
-81
-5373952
-1343488
-338
-81
-5046272
-1343488
-336
-81
-5046272
-1310720
-334
-79
-4521984
-1343488
-328
-81
-5111808
-1343488
-328
-81
-4718592
-1359872
-325
-82
-4063232
-1376256
-317
-83
-4849664
-1359872
-316
-82
-5111808
-1343488
-317
-81
-5308416
-1359872
-319
-82
-5636096
-1327104
-324
-80
-5242880
-1376256
-325
-83
-5046272
-1343488
-325
-81
-3735552
-1359872
-314
-82
-4718592
-1343488
-312
-81
-5111808
-1359872
-314
-82
-5439488
-1343488
-318
-81
-7274496
-1359872
-335
-82
-2883584
-1327104
-317
-80
-4128768
-1343488
-310
-81
-4390912
-1327104
-307
-80
-5046272
-1359872
-308
-82
-6029312
-1343488
-317
-81
-4587520
-1343488
-314
-81
-5701632
-1392640
-320
-84
-4325376
-1294336
-315
-78
-5963776
-1343488
-322
-81
-4194304
-1310720
-316
-79
-4718592
-1343488
-314
-81
-2031616
-1376256
-292
-83
-3801088
-1343488
-286
-81
-4259840
-1343488
-284
-81
-4587520
-1359872
-285
-82
-4653056
-1376256
-287
-83
-75366400
-573440
-827
-34
-3014656
-868352
-747
-52
-30932992
-999424
-891
-60
-5046272
-1425408
-820
-86
-4784128
-1343488
-755
-81
-5373952
-1343488
-704
-81
-3932160
-1327104
-647
-80
-3080192
-1343488
-591
-81
-4521984
-1376256
-554
-83
-6291456
-1294336
-534
-78
-5898240
-1376256
-514
-83
-4259840
-1359872
-484
-82
-4587520
-1409024
-460
-85
-5308416
-1327104
-444
-80
-5701632
-1376256
-434
-83
-5373952
-1359872
-422
-82
-5767168
-1343488
-415
-81
-4456448
-1343488
-399
-81
-4653056
-1343488
-386
-81
-5505024
-1343488
-381
-81
-4194304
-1376256
-367
-83
-3538944
-1359872
-350
-82
-5505024
-1376256
-350
-83
-6553600
-1376256
-358
-83
-5046272
-1359872
-353
-82
-3407872
-1327104
-337
-80
-5111808
-1343488
-335
-81
-4194304
-1310720
-327
-79
-4718592
-1359872
-324
-82
-3604480
-1376256
-312
-83
-2555904
-1376256
-294
-83
-6225920
-1327104
-307
-80
-4063232
-1277952
-301
-77
-5308416
-1359872
-305
-82
-4128768
-1343488
-300
-81
-4390912
-1376256
-298
-83
-4718592
-1376256
-298
-83
-4325376
-1294336
-295
-78
-5701632
-1343488
-304
-81
-5046272
-1327104
-306
-80
-4063232
-1310720
-300
-79
-3342336
-1359872
-290
-82
-589824
-1507328
-260
-91
-24772608
-3375104
-420
-205
24772608
-2539520
-182
-154
-8323072
-2162688
-225
-131
-4849664
-1343488
-236
-81
-4718592
-1376256
-244
-83
-5373952
-1310720
-256
-79
-4587520
-1359872
-261
-82
-5046272
-1359872
-268
-82
-5046272
-1327104
-275
-80
-4784128
-1310720
-278
-79
-5046272
-1343488
-284
-81
-4325376
-1327104
-283
-80
-5832704
-1359872
-294
-82
-5505024
-1343488
-300
-81
-5046272
-1310720
-303
-79
-5701632
-1294336
-310
-78
-4980736
-1343488
-311
-81
-5373952
-1310720
-315
-79
-3801088
-1343488
-306
-81
-4915200
-1409024
-307
-85
-3932160
-1294336
-300
-78
-5832704
-1359872
-309
-82
-3538944
-1359872
-299
-82
-4849664
-1277952
-300
-77
-6160384
-1310720
-311
-79
-5111808
-1392640
-313
-84
-3211264
-1343488
-300
-81
-4980736
-1359872
-302
-82
-5046272
-1343488
-304
-81
-4194304
-1392640
-300
-84
-4849664
-1392640
-301
-84
-5308416
-1343488
-305
-81
-5439488
-1392640
-310
-84
-4521984
-1327104
-308
-80
-4980736
-1359872
-309
-82
-4718592
-1359872
-308
-82
-5111808
-1327104
-310
-80
-4194304
-1310720
-305
-79
-3080192
-1343488
-292
-81
-4325376
-1359872
-290
-82
-6488064
-1343488
-305
-81
-5308416
-1310720
-309
-79
-5963776
-1310720
-317
-79
-5701632
-1359872
-323
-82
-4784128
-1327104
-320
-80
-7274496
-1359872
-337
-82
-5242880
-1327104
-337
-80
-4063232
-1327104
-327
-80
-5177344
-1310720
-327
-79
-3801088
-1228800
-317
-74
-3145728
-1114112
-303
-67
-3801088
-1294336
-295
-78
-4521984
-1261568
-294
-76
-2949120
-1064960
-281
-64
-4915200
-1081344
-285
-65
-4653056
-868352
-286
-52
-3407872
-1310720
-278
-79
-3080192
-1343488
-268
-81
-4259840
-1327104
-269
-80
-4915200
-1343488
-274
-81
-2686976
-1327104
-262
-80
-4390912
-1343488
-264
-81
-2949120
-1261568
-255
-76
-3997696
-1310720
-255
-79
-2686976
-1359872
-246
-82
-4915200
-1343488
-254
-81
-4849664
-1343488
-261
-81
-4194304
-1310720
-262
-79
1245184
-950272
-221
-57
-10354688
-507904
-273
-30
-6356992
-491520
-288
-29
-5570560
1163264
-293
71
-2621440
1015808
-275
62
2555904
1327104
-219
81
2031616
819200
-175
50
-65536
1048576
-152
64
-3276800
1327104
-157
81
-851968
1097728
-142
67
1703936
2129920
-109
130
-524288
3162112
-95
193
6815744
2670592
-28
163
5701632
802816
19
49
7536640
180224
74
11
6422528
-147456
114
-8
9175040
147456
170
9
12058624
-65536
240
-3
10682368
-65536
292
-3
10551296
294912
336
18
9764864
2048000
371
125
12582912
2408448
423
147
13893632
1966080
479
120
14548992
770048
531
47
16252928
-278528
588
-16
10616832
884736
597
54
14221312
2686976
634
164
19136512
3080192
704
188
21626880
1818624
783
111
20447232
65536
842
4
19136512
655360
883
40
22216704
1638400
944
100
26017792
2883584
1028
176
25886720
2539520
1100
155
24969216
933888
1154
57
24969216
-212992
1200
-12
27328512
360448
1259
22
26411008
1376256
1305
84
28704768
1540096
1362
94
30867456
753664
1429
46
28311552
-229376
1466
-13
28835840
-999424
1501
-60
28377088
-737280
1529
-44
29884416
376832
1566
23
29491200
1032192
1597
63
31850496
-212992
1640
-12
31457280
-475136
1674
-28
31195136
-475136
1702
-28
32505856
-720896
1737
-43
33095680
-1327104
1770
-80
30932992
-1441792
1783
-87
30081024
-2080768
1787
-126
32702464
-2244608
1810
-136
31981568
-1998848
1826
-121
30605312
-1753088
1829
-106
30539776
-1982464
1831
-120
29032448
-2048000
1821
-124
31916032
-2359296
1834
-143
30343168
-2818048
1832
-171
31457280
-2965504
1840
-180
27525120
-2670592
1816
-162
28508160
-2490368
1804
-151
28180480
-1900544
1791
-115
27066368
-1867776
1771
-113
31195136
-1622016
1786
-98
28704768
-2621440
1778
-159
31129600
-3407872
1789
-207
25100288
-3915776
1752
-238
24576000
-3014656
1717
-183
27000832
-2752512
1705
-167
22085632
-3129344
1656
-190
24707072
-3424256
1633
-208
24313856
-4718592
1609
-287
20316160
-5144576
1556
-313
18612224
-5062656
1498
-308
18087936
-5292032
1442
-322
18284544
-4931584
1395
-300
16187392
-4145152
1339
-252
16187392
-3620864
1291
-220
17039360
-3801088
1255
-231
13631488
-4194304
1196
-255
9830400
-4325376
1117
-263
9895936
-3981312
1048
-242
14811136
-4554752
1024
-277
10223616
-4882432
968
-297
8781824
-3670016
909
-223
12845056
-4456448
888
-271
1507328
-3145728
785
-191
7929856
-2523136
744
-153
5046272
-3080192
686
-187
5701632
-4997120
637
-304
2031616
-5455872
566
-332
2555904
-5341184
508
-325
524288
-4751360
443
-289
-655360
-6062080
375
-369
-2162688
-8339456
301
-508
-7995392
-9355264
191
-570
-11468800
-9404416
68
-573
-13041664
-6012928
-46
-366
-11337728
-6111232
-135
-372
-19005440
-6553600
-271
-399
-18546688
-5275648
-385
-321
-19398656
-4866048
-491
-296
-17170432
-5685248
-567
-346
-22478848
-6504448
-676
-396
-23003136
-6766592
-775
-412
-23592960
-7454720
-867
-454
-30277632
-6766592
-998
-412
-28835840
-4571136
-1099
-278
-32571392
-3080192
-1214
-187
-28311552
-3653632
-1282
-222
-24444928
-6291456
-1316
-383
-36175872
-7569408
-1437
-461
-40894464
-6045696
-1577
-368
-38600704
-2588672
-1677
-158
-30408704
-2293760
-1702
-140
-35061760
-3637248
-1761
-222
-38731776
-3981312
-1842
-243
-42532864
-3194880
-1940
-195
-40370176
-1851392
-2008
-113
-39256064
-1867776
-2058
-114
-40304640
-1687552
-2111
-103
-37945344
-2375680
-2139
-145
-39059456
-3293184
-2174
-201
-38600704
-3178496
-2200
-194
-42401792
-1835008
-2251
-112
-43843584
-327680
-2304
-20
-39321600
-32768
-2316
-2
-37552128
-557056
-2314
-34
-41680896
0
-2343
0
-44302336
2031616
-2385
123
-37093376
3129344
-2366
190
-38600704
3047424
-2361
185
-35323904
2457600
-2332
149
-32768000
1589248
-2289
96
-32374784
1261568
-2248
76
-32571392
1835008
-2213
111
-31916032
2277376
-2177
138
-29425664
2375680
-2127
144
-30146560
3522560
-2086
214
-28442624
4997120
-2036
304
-26935296
5865472
-1980
357
-22151168
6520832
-1893
397
-18874368
6815744
-1792
415
-15007744
6488064
-1675
395
-14614528
1769472
-1575
107
-12255232
32768
-1471
1
-16121856
1146880
-1409
70
-8585216
2506752
-1295
153
-8716288
2457600
-1197
150
-3080192
3522560
-1066
215
-7536640
4128768
-985
252
-4259840
4390912
-889
268
-720896
3833856
-779
234
-4915200
5439488
-712
332
5046272
8339456
-574
509
13565952
7127040
-390
435
9830400
5931008
-259
362
11337728
3653632
-136
223
12058624
2752512
-23
168
14221312
3063808
91
187
18939904
3653632
229
223
22544384
3047424
376
186
17498112
1392640
464
85
16515072
-229376
532
-13
17760256
-65536
600
-3
20381696
1064960
682
65
25034752
1687552
790
103
28835840
966656
912
59
24576000
458752
986
28
22413312
98304
1034
6
24182784
-770048
1088
-46
24903680
-1916928
1140
-116
22282240
-1785856
1165
-108
23855104
-1589248
1199
-96
26148864
-2162688
1246
-131
23068672
-2637824
1263
-160
22872064
-3293184
1276
-200
24576000
-4571136
1298
-278
25427968
-6225920
1322
-379
23068672
-8126464
1323
-495
16449536
-7405568
1274
-451
12255232
-6668288
1200
-406
14942208
-6324224
1156
-385
14680064
-8224768
1113
-501
6815744
-8093696
1016
-493
6029312
-8765440
924
-534
3604480
-10108928
824
-616
164495360
-23920640
1946
-1459
-4456448
-1703936
1667
-103
-4128768
-1310720
1425
-79
-3932160
-1343488
1215
-81
-3407872
-1376256
1036
-83
-3801088
-1409024
876
-85
-4325376
-1359872
731
-82
-4784128
-1425408
602
-86
-3932160
-1392640
495
-84
-4325376
-1327104
398
-80
-2097152
-1310720
331
-79
-4128768
-1376256
256
-83
-4390912
-1572864
189
-95
-3342336
-1032192
138
-62
-7012352
-1392640
66
-84
-4259840
-1015808
24
-61
-7012352
-1212416
-33
-73
-4325376
-1359872
-64
-82
-4390912
-1343488
-91
-81
-3670016
-1376256
-109
-83
-7012352
-1409024
-151
-85
-4456448
-1310720
-167
-79
-3866624
-1310720
-178
-79
-4063232
-1343488
-188
-81
-4194304
-1343488
-198
-81
-3932160
-1343488
-205
-81
-4194304
-1327104
-213
-80
-5111808
-1359872
-227
-82
-2359296
-1392640
-218
-84
-3080192
-1327104
-216
-80
-4915200
-1343488
-228
-81
-5636096
-1327104
-244
-80
-3407872
-1409024
-241
-85
-4784128
-1327104
-249
-80
-4128768
-1359872
-251
-82
-4784128
-1376256
-258
-83
-5046272
-1376256
-266
-83
-3080192
-1376256
-258
-83
-4653056
-1359872
-263
-82
-5373952
-1359872
-272
-82
-4784128
-1310720
-276
-79
-4194304
-1310720
-275
-79
-4390912
-1376256
-276
-83
-5505024
-1359872
-285
-82
-5242880
-1392640
-291
-84
-5242880
-1376256
-296
-83
-4325376
-1359872
-294
-82
-4063232
-1376256
-290
-83
-4915200
-1359872
-293
-82
-5242880
-1343488
-298
-81
-4587520
-1359872
-297
-82
-4063232
-1376256
-293
-83
-4718592
-1376256
-294
-83
-2424832
-1376256
-277
-83
-3604480
-1327104
-272
-80
-3932160
-1343488
-269
-81
-5242880
-1343488
-277
-81
-5505024
-1376256
-286
-83
-5505024
-1343488
-294
-81
-4456448
-1327104
-293
-80
-1441792
-1392640
-269
-84
-5111808
-1327104
-276
-80
-3997696
-1294336
-273
-78
-4718592
-1359872
-277
-82
-2621440
-1343488
-264
-81
-3145728
-1343488
-256
-81
-3080192
-1359872
-249
-82
-5636096
-1392640
-263
-84
-3014656
-1343488
-255
-81
-5177344
-1359872
-264
-82
-3538944
-1376256
-260
-83
-4849664
-1376256
-266
-83
-5242880
-1359872
-274
-82
-3866624
-1343488
-271
-81
-4390912
-1392640
-272
-84
-4521984
-1359872
-274
-82
-5898240
-1343488
-287
-81
-5242880
-1359872
-292
-82
-2686976
-1343488
-278
-81
-4587520
-1392640
-280
-84
-4849664
-1392640
-284
-84
-3407872
-1359872
-276
-82
-6291456
-1343488
-291
-81
-3932160
-1425408
-286
-86
-3604480
-1376256
-280
-83
-4390912
-1294336
-280
-78
16515072
-3227648
-123
-196
2621440
-1048576
-88
-63
-17563648
-2146304
-214
-130
-4784128
-1277952
-225
-77
-4784128
-999424
-235
-60
-4521984
-1490944
-242
-90
-4587520
-1212416
-248
-73
-3145728
-1327104
-242
-80
-3342336
-1392640
-239
-84
-4521984
-1245184
-245
-75
-2949120
-1425408
-239
-86
-4194304
-1343488
-243
-81
-3997696
-1376256
-244
-83
-5636096
-1376256
-258
-83
-2490368
-1294336
-247
-78
-3670016
-1376256
-245
-83
-4259840
-1310720
-249
-79
-3670016
-1359872
-247
-82
-4915200
-1359872
-256
-82
-4128768
-1310720
-257
-79
-3538944
-1376256
-253
-83
-4456448
-1327104
-257
-80
-5308416
-1359872
-267
-82
-4259840
-1327104
-268
-80
-3801088
-1409024
-265
-85
-3735552
-1327104
-262
-80
-4325376
-1343488
-264
-81
-4456448
-1409024
-266
-85
-4587520
-1327104
-270
-80
-4194304
-1376256
-270
-83
-5242880
-1376256
-278
-83
-4587520
-1359872
-279
-82
-5177344
-1376256
-286
-83
-5111808
-1359872
-291
-82
-4915200
-1343488
-293
-81
-3342336
-1343488
-284
-81
-4653056
-1359872
-285
-82
-4653056
-1376256
-287
-83
-4915200
-1327104
-290
-80
-4587520
-1392640
-290
-84
-4587520
-1376256
-291
-83
-5439488
-1376256
-298
-83
-4194304
-1343488
-294
-81
-5177344
-1343488
-298
-81
-3997696
-1310720
-293
-79
-3145728
-1441792
-282
-87
-5373952
-1277952
-289
-77
-2883584
-1359872
-277
-82
-4063232
-1720320
-275
-104
-7340032
-1146880
-298
-69
-3604480
-1146880
-290
-69
-5701632
-1703936
-299
-103
-5439488
-1146880
-305
-69
-3604480
-1441792
-296
-87
-5898240
-1376256
-305
-83
-3211264
-1294336
-293
-78
-4390912
-1425408
-292
-86
-4718592
-1277952
-293
-77
-3604480
-1359872
-285
-82
-6029312
-1327104
-297
-80
-5308416
-1376256
-302
-83
-3473408
-1343488
-292
-81
-4521984
-1376256
-292
-83
-5177344
-1409024
-297
-85
-3145728
-1359872
-285
-82
-4194304
-1343488
-283
-81
-4915200
-1409024
-287
-85
-3276800
-1277952
-278
-77
-4521984
-1343488
-279
-81
-3604480
-1409024
-273
-85
-4390912
-1392640
-274
-84
-4194304
-1310720
-274
-79
-5832704
-1376256
-285
-83
-3342336
-1343488
-277
-81
-3932160
-1359872
-274
-82
-4456448
-1392640
-275
-84
-5373952
-1376256
-284
-83
-4521984
-1376256
-284
-83
-4325376
-1392640
-283
-84
-3538944
-1310720
-276
-79
-5505024
-1343488
-285
-81
-6094848
-1343488
-298
-81
-5898240
-1343488
-307
-81
-3997696
-1343488
-301
-81
-4194304
-1327104
-297
-80
-4718592
-1392640
-297
-84
-5046272
-1392640
-300
-84
-4653056
-1294336
-300
-78
-4128768
-1327104
-295
-80
-4194304
-1343488
-292
-81
-5570560
-1425408
-300
-86
-2883584
-1327104
-286
-80
-146604032
-2523136
-1372
-153
-33816576
2801664
-1455
171
67502080
-1146880
-759
-69
33685504
-1720320
-409
-104
-5242880
-1376256
-400
-83
-4063232
-1376256
-382
-83
-5373952
-1359872
-377
-82
-4915200
-1392640
-369
-84
-4718592
-1376256
-361
-83
-4980736
-1392640
-355
-84
-5046272
-1359872
-351
-82
-4587520
-1343488
-344
-81
-3801088
-1359872
-331
-82
-4128768
-1359872
-323
-82
-3997696
-1392640
-315
-84
-4587520
-1376256
-312
-83
-4784128
-1359872
-311
-82
-5177344
-1359872
-313
-82
-4128768
-1359872
-307
-82
-4587520
-1359872
-306
-82
-3997696
-1294336
-299
-78
-4587520
-1343488
-299
-81
-3735552
-1359872
-291
-82
-4325376
-1343488
-289
-81
-4784128
-1359872
-291
-82
-3997696
-1343488
-287
-81
-4390912
-1359872
-286
-82
-3145728
-1376256
-276
-83
-3342336
-1359872
-269
-82
-3342336
-1343488
-262
-81
-4456448
-1376256
-265
-83
-4128768
-1359872
-265
-82
-5111808
-1343488
-273
-81
-5832704
-1327104
-285
-80
-3604480
-1392640
-278
-84
-4128768
-1359872
-276
-82
-3997696
-1359872
-274
-82
-4390912
-1425408
-275
-86
-4128768
-1327104
-274
-80
-4390912
-1359872
-275
-82
-4849664
-1359872
-279
-82
-4849664
-1343488
-283
-81
-3276800
-1392640
-274
-84
-5636096
-1343488
-284
-81
-4390912
-1310720
-284
-79
-3473408
-1392640
-276
-84
205586432
-3194880
1322
-194
-81199104
-5914624
530
-360
-97189888
-671744
-278
-40
-32636928
-1310720
-494
-79
-4653056
-1245184
-469
-75
-3997696
-1343488
-442
-81
-3145728
-1392640
-413
-84
-3670016
-1376256
-391
-83
-2621440
-1327104
-364
-80
-3014656
-1359872
-343
-82
-4456448
-1343488
-335
-81
-3735552
-1343488
-324
-81
-4980736
-1327104
-323
-80
-3145728
-1343488
-308
-81
-6094848
-1376256
-318
-83
-3932160
-1310720
-309
-79
-3735552
-1392640
-301
-84
-3735552
-1409024
-293
-85
-5570560
-1327104
-301
-80
-4325376
-1294336
-298
-78
-4128768
-1294336
-294
-78
-4063232
-1359872
-289
-82
-4849664
-1343488
-292
-81
-3866624
-1343488
-286
-81
-3997696
-1392640
-283
-84
-4325376
-1310720
-282
-79
-3604480
-1310720
-276
-79
-4128768
-1376256
-274
-83
-3145728
-1359872
-266
-82
-5242880
-1359872
-274
-82
-4718592
-1359872
-277
-82
-3604480
-1327104
-272
-80
-3080192
-1392640
-263
-84
-4128768
-1376256
-263
-83
-5701632
-1343488
-275
-81
-4587520
-1327104
-278
-80
-4456448
-1376256
-279
-83
-3342336
-1294336
-271
-78
-3014656
-1343488
-261
-81
-3670016
-1359872
-258
-82
-3866624
-1343488
-257
-81
-3407872
-1261568
-253
-76
-5373952
-1327104
-264
-80
-3604480
-1425408
-260
-86
393216
-1179648
-226
-71
6160384
-655360
-151
-39
-9895936
1163264
-206
71
-30277632
1048576
-410
64
-5767168
737280
-402
45
4718592
-1228800
-317
-74
-3276800
-1376256
-304
-83
-5636096
-1343488
-311
-81
-4194304
-1343488
-305
-81
-5701632
-1359872
-312
-82
-5832704
-1359872
-319
-82
-3211264
-1359872
-306
-82
-5832704
-1310720
-313
-79
-4128768
-1327104
-307
-80
-4390912
-1376256
-304
-83
-5636096
-1392640
-311
-84
-4194304
-1310720
-305
-79
-3145728
-1409024
-293
-85
-4390912
-1343488
-291
-81
-3604480
-1359872
-284
-82
-3538944
-1327104
-277
-80
-4718592
-1376256
-280
-83
-6225920
-1392640
-294
-84
-3735552
-1392640
-288
-84
-3538944
-1343488
-280
-81
-3866624
-1376256
-276
-83
-5439488
-1376256
-285
-83
-6094848
-1343488
-297
-81
-4784128
-1343488
-298
-81
-4653056
-1310720
-298
-79
-3407872
-1376256
-288
-83
-5242880
-1327104
-294
-80
-4915200
-1343488
-296
-81
-2818048
-1343488
-282
-81
-4587520
-1343488
-284
-81
-3932160
-1343488
-280
-81
-5111808
-1392640
-285
-84
-3538944
-1359872
-278
-82
-2818048
-1310720
-267
-79
-5505024
-1343488
-277
-81
-3735552
-1294336
-272
-78
-3997696
-1359872
-270
-82
-4718592
-1327104
-274
-80
-3538944
-1327104
-268
-80
-3997696
-1343488
-267
-81
-3145728
-1327104
-259
-80
-3735552
-1327104
-257
-80
-4063232
-1359872
-257
-82
-5701632
-1343488
-270
-81
-3997696
-1376256
-269
-83
-5636096
-1359872
-280
-82
-4063232
-1343488
-277
-81
-3407872
-1359872
-270
-82
-3604480
-1343488
-266
-81
-4718592
-1392640
-270
-84
-4390912
-1359872
-271
-82
-5898240
-1392640
-284
-84
-4456448
-1392640
-284
-84
-3932160
-1392640
-280
-84
-3604480
-1343488
-274
-81
-4653056
-1359872
-277
-82
-7077888
-1458176
-298
-88
-8060928
-1245184
-324
-75
