-96667
-1359872
-19
-83
-95300
-2359296
-20
-144
-94443
-1359872
-20
-83
-96238
-1294336
-20
-79
-97539
-1359872
-20
-83
-96074
-1343488
-20
-82
-96074
-1310720
-19
-80
-101100
-1343488
-19
-82
-107949
-1327104
-19
-81
-111493
-1327104
-19
-81
-110506
-1376256
-19
-84
-106808
-1359872
-19
-83
-102990
-1327104
-19
-81
-100152
-1327104
-19
-81
-99590
-1327104
-19
-81
-101225
-1327104
-19
-81
-104431
-1343488
-19
-82
-106315
-1245184
-19
-76
-103828
-1277952
-19
-78
-93578
-1376256
-19
-84
-82889
-1736704
-19
-106
-74902
-1392640
-19
-85
-56925
-851968
-18
-52
-49618
-1343488
-18
-82
-67473
-1441792
-18
-88
-85372
-1146880
-18
-70
-94040
-1179648
-17
-72
-91036
-901120
-17
-55
-75184
-1277952
-17
-78
-64935
-1212416
-17
-74
-67499
-901120
-16
-55
-74660
-933888
-16
-57
-80680
-770048
-15
-47
-85710
-1032192
-15
-63
-91185
-1359872
-16
-83
-88736
-1572864
-16
-96
-75941
-2768896
-18
-169
-66748
-4014080
-21
-245
-63734
-5521408
-26
-337
-64083
-6275072
-31
-383
-77882
-6225920
-35
-380
-114508
-5652480
-38
-345
-161728
-7028736
-43
-429
-191741
-6848512
-48
-418
-201028
-5832704
-50
-356
-212517
-6373376
-54
-389
-246128
-5275648
-55
-322
-288645
-5095424
-57
-311
-313422
-5488640
-59
-335
-328612
-4718592
-60
-288
-355640
-3031040
-59
-185
-391316
-1392640
-56
-85
-423148
262144
-52
16
-442595
2392064
-46
146
-445052
4112384
-38
251
-429887
5406720
-30
330
-431433
8339456
-19
509
-454931
2424832
-17
148
-428102
1474560
-16
90
-347951
1179648
-16
72
-269623
1556480
-14
95
-208758
442368
-13
27
-165995
2113536
-10
129
-135610
-1687552
-12
-103
-111900
-3112960
-15
-190
-103973
-4718592
-20
-288
-130118
3178496
-14
194
-98070
1064960
-12
65
47713
-753664
-11
-46
134805
-819200
-9
-50
87972
-933888
-9
-57
-7033
950272
-6
58
-97397
802816
-5
49
-160363
2146304
-3
131
-181771
638976
-3
39
-169198
2801664
-1
171
-153726
-1441792
-3
-88
-145652
-1163264
-5
-71
-133969
-1245184
-7
-76
-114001
-1343488
-9
-82
-96000
-1310720
-10
-80
-86983
-1327104
-11
-81
-85213
-1277952
-12
-78
-88016
-1261568
-12
-77
-101896
-16384
-12
-1
-126550
2293760
-8
140
-131319
966656
-7
59
-110017
2801664
-3
171
-87017
2736128
0
167
-66204
3555328
3
217
-40858
4014080
7
245
-6112
3637248
10
222
38612
1998848
12
122
79808
1851392
13
113
106224
2146304
15
131
124939
1490944
16
91
145373
655360
16
40
164321
638976
16
39
173122
1622016
17
99
176466
1982464
19
121
184392
655360
18
40
199808
-458752
17
-28
222996
-1966080
14
-120
244242
-2392064
11
-146
251219
-3129344
8
-191
247109
-4440064
3
-271
241741
-5865472
-2
-358
231777
-6750208
-8
-412
209341
-7290880
-14
-445
176757
-8798208
-22
-537
141039
-9093120
-29
-555
105927
-8437760
-35
-515
70592
-7356416
-39
-449
28122
-8601600
-44
-525
-21308
-1359872
-41
-83
-60274
-1441792
-38
-88
-83304
-1425408
-35
-87
-96859
-1409024
-33
-86
-99530
-1392640
-32
-85
-92567
-1376256
-30
-84
-83505
-1310720
-28
-80
-78232
-1343488
-27
-82
-75945
-1343488
-26
-82
-73298
-1294336
-25
-79
-71217
-1359872
-24
-83
-71035
-1310720
-23
-80
-72792
-1310720
-22
-80
-77087
-1310720
-21
-80
-80164
-1327104
-21
-81
-80803
-1343488
-21
-82
-82475
-1392640
-20
-85
-85228
-1343488
-20
-82
-88790
-1327104
-20
-81
-90620
-1359872
-20
-83
-87925
-1425408
-19
-87
-126084
-2080768
-20
-127
-207285
-9191424
-31
-561
-234614
-16695296
-49
-1019
-203599
-23035904
-73
-1406
-181181
-21938176
-92
-1339
-210357
-19267584
-106
-1175
-324795
-11862016
-109
-723
-488866
-4194304
-105
-255
-626951
81920
-96
5
-703797
2277376
-87
139
-733528
6619136
-73
404
-733580
12746752
-54
778
-700368
18595840
-30
1135
-612653
24182784
-1
1476
-505104
17088512
15
1043
-415067
8486912
21
518
-295765
-1179648
14
-71
-166729
-1228800
10
-74
-81748
-1359872
6
-82
-40088
-1687552
3
-102
-20917
-1687552
0
-102
-12887
-2277376
-2
-138
-27093
-2080768
-4
-126
-57697
-1392640
-6
-84
-85708
-1376256
-7
-83
-98461
-1654784
-9
-100
-97055
-1949696
-11
-118
-93500
-2195456
-13
-133
-95543
-1884160
-14
-114
-102660
-1998848
-16
-121
-112161
-1523712
-16
-92
-111242
-1851392
-17
-112
-90799
-2228224
-19
-135
-71126
-2752512
-20
-167
-70340
-2523136
-21
-153
-85298
-2637824
-22
-160
-107141
-475136
-21
-28
-127037
-1523712
-21
-92
-141867
-1409024
-21
-85
-150605
-1523712
-22
-92
-148947
-1359872
-22
-82
-140130
-1425408
-22
-86
-134051
-1343488
-22
-81
-131848
-1376256
-21
-83
-131838
-1310720
-21
-79
-134946
-1392640
-21
-84
-139608
-1343488
-21
-81
-142548
-1343488
-21
-81
-142880
-1343488
-21
-81
-142045
-1310720
-21
-79
-138744
-1343488
-21
-81
-134211
-1343488
-21
-81
-133707
-1376256
-21
-83
-135002
-1327104
-21
-80
-132271
-1327104
-21
-80
-156243
-5095424
-26
-310
-253291
-212992
-25
-12
-324483
-7045120
-33
-429
-253071
180224
-30
11
-138743
-950272
-29
-57
-86169
-1261568
-27
-76
-81005
-1425408
-26
-86
-95700
-1441792
-25
-87
-112417
-1343488
-25
-81
-125459
-1343488
-24
-81
-134571
-1343488
-24
-81
-137392
-1359872
-23
-82
-135750
-1343488
-23
-81
-133814
-1343488
-23
-81
-131175
-1392640
-23
-84
-128957
-1327104
-22
-80
-128616
-1343488
-22
-81
-130247
-1359872
-22
-82
-134462
-1343488
-22
-81
-138606
-1376256
-22
-83
-140498
-1327104
-22
-80
-143160
-720896
-21
-43
-148737
-1376256
-21
-83
-152908
-1064960
-21
-64
-149848
-1376256
-21
-83
-140209
-1507328
-21
-91
-130454
-1703936
-22
-103
-126598
-1114112
-21
-67
-128428
-1327104
-21
-80
-132110
-1277952
-21
-77
-137774
-1359872
-21
-82
-143833
-1310720
-21
-79
-145105
-1310720
-21
-79
-142953
-1359872
-21
-82
-142179
-1277952
-21
-77
-141077
-1277952
-21
-77
-139032
-1310720
-21
-79
-141570
-1409024
-21
-85
-143104
-1343488
-21
-81
-137178
-1327104
-21
-80
-131983
-1376256
-21
-83
-130702
-1376256
-21
-83
-130277
-1359872
-21
-82
-129215
-1327104
-21
-80
-123756
-1376256
-21
-83
-116848
-1179648
-21
-71
-118941
-1015808
-20
-61
-114241
-1572864
-20
-95
-105796
-2703360
-22
-164
-119080
-2588672
-23
-157
-125592
-2473984
-24
-150
-113185
-491520
-23
-29
-73109
-1032192
-22
-62
-7004
475136
-18
29
15542
16384
-16
1
-12498
196608
-14
12
-47222
-655360
-13
-39
-84180
-1441792
-14
-87
-119827
-655360
-14
-39
-145316
-1064960
-14
-64
-180733
-2670592
-17
-162
-226166
-1163264
-18
-70
-234741
-786432
-19
-47
-198161
-1671168
-20
-101
-151705
-1703936
-20
-103
-118124
-1540096
-21
-93
-103339
-1343488
-20
-81
-103617
-1196032
-20
-72
-110037
-1245184
-20
-75
-112840
-1490944
-20
-90
-111184
-1507328
-20
-91
-110344
-1359872
-20
-82
-110068
-1392640
-20
-84
-111205
-1458176
-20
-88
-115933
-1359872
-20
-82
-119763
-1261568
-20
-76
-117768
-1359872
-20
-82
-111696
-1179648
-20
-71
-106685
-1114112
-19
-67
-104570
-1196032
-19
-72
-104221
-1425408
-19
-86
-104695
-1343488
-19
-81
-104274
-1048576
-19
-63
-104701
-950272
-18
-57
-77735
-622592
-17
-37
-10268
-1343488
-17
-81
47980
-1589248
-16
-96
65710
-1802240
-16
-109
7780
-901120
-15
-54
-127640
-196608
-14
-11
-244146
-65536
-14
-3
-303733
-1212416
-16
-73
-338117
-933888
-18
-56
-343979
-1130496
-20
-68
-317698
-1032192
-21
-62
-253191
-1458176
-22
-88
-143892
-1540096
-22
-93
-32328
-1327104
-21
-80
37917
-1327104
-20
-80
76575
-1081344
-18
-65
77399
-1409024
-17
-85
23706
-1359872
-16
-82
-50161
-1245184
-16
-75
-105798
-1294336
-16
-78
-133376
-1359872
-17
-82
-136406
-1425408
-18
-86
-125169
-1523712
-18
-92
-111075
-1490944
-18
-90
-98498
-1441792
-19
-87
-87729
-1343488
-19
-81
-77296
-1359872
-18
-82
-68712
-1376256
-18
-83
-65417
-1327104
-18
-80
-67405
-1327104
-18
-80
-73249
-1294336
-18
-78
-78002
-1327104
-18
-80
-79917
-1327104
-18
-80
-82355
-1392640
-18
-84
-84350
-1425408
-18
-86
-83413
-1425408
-18
-86
-78203
-1392640
-18
-84
-72636
-1409024
-18
-85
-75056
-1376256
-18
-83
-85646
-1409024
-18
-85
-98961
-1490944
-18
-90
-108702
-1425408
-18
-86
-122075
-1409024
-19
-85
-146602
-1376256
-19
-83
-160276
-1556480
-20
-94
-139260
-1622016
-20
-98
-95228
-1556480
-20
-94
-63520
-1261568
-20
-76
-54291
-1343488
-19
-81
-47990
-1343488
-19
-81
-36862
-1228800
-18
-74
-32269
-1294336
-18
-78
-47085
-1392640
-18
-84
-82493
-1277952
-17
-77
-120164
-1245184
-18
-75
-141975
-1245184
-18
-75
-144724
-1327104
-18
-80
-135548
-1425408
-19
-86
-120609
-1458176
-19
-88
-111742
-1507328
-19
-91
-108880
-1392640
-19
-84
-93798
-1359872
-19
-82
-76634
-1277952
-19
-77
-73188
-1212416
-19
-73
-76334
-1261568
-18
-76
-79142
-1277952
-18
-77
-83263
-1294336
-18
-78
-87920
-1310720
-18
-79
-89330
-1343488
-18
-81
-89019
-1310720
-18
-79
-90294
-1310720
-18
-79
-91879
-1212416
-18
-73
-90953
-1212416
-18
-73
-91450
-917504
-17
-55
-94611
-1163264
-17
-70
-96914
-1114112
-17
-67
-97137
-2179072
-18
-132
-94231
-1622016
-19
-98
-96343
-1359872
-19
-82
-105483
-1310720
-19
-79
-109532
-1343488
-19
-81
-103755
-1359872
-19
-82
-93270
-1343488
-19
-81
-85881
-1359872
-19
-82
-85080
-1392640
-19
-84
-87214
-1376256
-19
-83
-85563
-1327104
-19
-80
-79478
-1294336
-18
-78
-77626
-1294336
-18
-78
-82442
-983040
-18
-59
-83185
-704512
-17
-42
-79836
-1523712
-17
-92
-81227
-1343488
-17
-81
-81989
-1376256
-17
-83
-78970
-1654784
-18
-100
-76310
-1540096
-18
-93
-74515
-1589248
-18
-96
-74667
-1327104
-18
-80
-77792
-1310720
-18
-79
-83513
-1392640
-18
-84
-88762
-1441792
-18
-87
-90189
-1441792
-18
-87
-89653
-1392640
-18
-84
-89557
-1327104
-18
-80
-88563
-1359872
-18
-82
-86360
-1327104
-18
-80
-84252
-1245184
-18
-75
-57335
-3194880
-20
-194
11240
491520
-17
30
59722
-2162688
-17
-131
43732
-1441792
-16
-87
-84
-1441792
-16
-87
-41355
-1638400
-16
-99
-72652
-1785856
-17
-108
-92493
-835584
-16
-50
-105568
-442368
-16
-26
-106798
-458752
-15
-27
-95070
-606208
-15
-36
-85577
-999424
-15
-60
-85093
-1228800
-15
-74
-86248
-1458176
-15
-88
-86663
-1474560
-16
-89
-87767
-1458176
-16
-88
-86647
-1458176
-17
-88
-80489
-1540096
-17
-93
-72808
-1409024
-17
-85
-69885
-1376256
-17
-83
-74136
-1556480
-17
-94
-87938
-1802240
-18
-109
-97540
-1851392
-19
-112
-71874
-2424832
-20
-147
-29734
-6619136
-26
-403
-19789
196608
-22
12
-35761
-278528
-20
-16
-54808
-1245184
-19
-75
-72196
-1507328
-19
-91
-86419
-704512
-18
-42
-98813
-2048000
-19
-124
-103792
-2523136
-21
-153
-99946
-3211264
-23
-195
-99021
-3293184
-25
-200
-106184
-1982464
-25
-120
-113649
-1638400
-24
-99
-121435
-540672
-23
-32
-131672
-1294336
-23
-78
-136844
-983040
-22
-59
-134111
-1114112
-22
-67
-125536
-1507328
-22
-91
-116862
-1310720
-21
-79
-114908
-1097728
-21
-66
-116256
-835584
-20
-50
-116394
-851968
-19
-51
-114889
-966656
-19
-58
-110902
-1163264
-19
-70
-104756
-1409024
-19
-85
-99375
-1245184
-19
-75
-99078
-786432
-18
-47
-103170
-737280
-17
-44
-107970
-720896
-17
-43
-107347
-737280
-16
-44
-94707
-737280
-16
-44
-69465
-950272
-16
-57
-33675
-1343488
-16
-81
-2082
-1376256
-15
-83
470
-1310720
-15
-79
-26232
-1310720
-15
-79
-71067
-1392640
-15
-84
-126762
-1409024
-16
-85
-171915
-1277952
-17
-77
-191696
-1294336
-18
-78
-184615
-1310720
-18
-79
-157303
-1310720
-19
-79
-136745
-1409024
-19
-85
-143310
-1392640
-20
-84
-152670
-1294336
-20
-78
-133029
-1359872
-20
-82
-100084
-1310720
-20
-79
-84903
-1310720
-19
-79
-82255
-1228800
-19
-74
-72232
-1261568
-19
-76
-57448
-1294336
-18
-78
-52424
-1228800
-18
-74
-60520
-1245184
-18
-75
-74059
-1277952
-17
-77
-86192
-1277952
-17
-77
-92260
-1261568
-17
-76
-90871
-1359872
-18
-82
-86778
-1277952
-18
-77
-83778
-1327104
-18
-80
-82038
-1261568
-17
-76
-82394
-1327104
-18
-80
-84625
-1294336
-17
-78
-84817
-1359872
-18
-82
-80800
-1409024
-18
-85
-77235
-1392640
-18
-84
-78135
-1441792
-18
-87
-80633
-1392640
-18
-84
-83117
-1458176
-18
-88
-89348
-1343488
-18
-81
-107601
-1376256
-18
-83
-126997
-1409024
-19
-85
-128371
-1343488
-19
-81
-127460
-1343488
-19
-81
-123641
-1261568
-19
-76
-111917
-1671168
-20
-101
-105619
-1376256
-20
-83
-74527
-1343488
-19
-81
-12855
-1605632
-19
-97
30436
-1507328
-18
-91
31254
-1359872
-17
-82
3270
-1310720
-17
-79
-32370
-1310720
-16
-79
-62660
-1376256
-16
-83
-75940
-1277952
-16
-77
-75301
-1474560
-17
-89
-72405
-1572864
-17
-95
-60518
-1409024
-17
-85
-41495
-1163264
-17
-70
-32394
-1146880
-16
-69
-45314
-1409024
-16
-85
-80416
-1458176
-16
-88
-115204
-1376256
-17
-83
-128321
-1409024
-17
-85
-123430
-1425408
-18
-86
-111319
-1359872
-18
-82
-99495
-1359872
-18
-82
-92085
-1343488
-18
-81
-86285
-1310720
-18
-79
-80504
-1327104
-18
-80
-77395
-1294336
-18
-78
-77332
-1277952
-18
-77
-79649
-1228800
-18
-74
-83430
-1245184
-18
-75
-84584
-1277952
-17
-77
-83237
-1327104
-17
-80
-83433
-1327104
-18
-80
-84212
-1327104
-18
-80
-85021
-1294336
-18
-78
-86730
-1310720
-18
-79
-87243
-1327104
-18
-80
-84914
-1359872
-18
-82
-79830
-1343488
-18
-81
-74981
-1343488
-18
-81
-72641
-1310720
-17
-79
-71969
-1294336
-17
-78
-72166
-1277952
-17
-77
-68249
-1081344
-17
-65
-60375
-1392640
-17
-84
-56307
-1507328
-17
-91
-56013
-1490944
-17
-90
-59567
-1425408
-17
-86
-65961
-1277952
-17
-77
-67381
-1802240
-18
-109
-74101
-819200
-17
-49
-92248
2949120
-12
180
-89218
2916352
-7
178
-59476
163840
-7
10
-48835
-966656
-7
-58
-75473
-1687552
-9
-102
-109207
-2768896
-12
-168
-106931
-3293184
-15
-200
-60567
-4702208
-20
-286
-25090
-3391488
-21
-206
-41253
-2097152
-22
-127
-83211
-1146880
-21
-69
-111235
-1015808
-20
-61
-109371
-2916352
-22
-177
-92357
-2260992
-23
-137
-86941
-1540096
-22
-93
-97720
-1245184
-22
-75
-106750
-868352
-21
-52
-105991
-851968
-20
-51
-101396
-1196032
-20
-72
-94246
-1835008
-20
-111
-86864
-3211264
-22
-195
-88010
-3063808
-24
-186
-105629
-2375680
-25
-144
-125296
-1638400
-24
-99
-121715
-1392640
-24
-84
-115029
-2162688
-24
-131
-126548
-737280
-23
-44
-129212
-1114112
-23
-67
-118660
-737280
-21
-44
-113236
-802816
-21
-48
-112498
32768
-19
2
-113893
65536
-17
4
-114686
-245760
-16
-14
-110596
-589824
-16
-35
-102278
-950272
-16
-57
-93355
-999424
-15
-60
-84379
-1245184
-16
-75
-74486
-1343488
-16
-81
-70198
-1228800
-16
-74
-74908
-1196032
-16
-72
-82062
-1179648
-16
-71
-86083
-1163264
-16
-70
-86620
-1064960
-16
-64
-83364
-1310720
-16
-79
-75000
-1343488
-16
-81
-64574
-1327104
-16
-80
-57215
-1376256
-16
-83
-56423
-1343488
-16
-81
-60764
-1376256
-16
-83
-67159
-1327104
-16
-80
-74888
-1343488
-16
-81
-78872
-1343488
-17
-81
-75814
-1310720
-17
-79
-72885
-1327104
-17
-80
-76326
-1376256
-17
-83
-82574
-1441792
-17
-87
-87189
-1589248
-17
-96
-89885
-1540096
-18
-93
-85536
-2867200
-20
-174
-73926
-4079616
-23
-248
-101131
-2621440
-24
-159
-192278
-2703360
-26
-164
-267547
2654208
-21
162
-260697
4636672
-15
283
-194170
1998848
-12
122
-123168
835584
-10
51
-79419
1572864
-8
96
-45461
-131072
-7
-7
-8130
-1409024
-8
-85
13893
-2572288
-10
-156
8184
-2719744
-12
-165
-16271
-1900544
-13
-115
-41867
-1245184
-13
-75
-53294
-1277952
-13
-77
-50264
-2031616
-14
-123
-45399
-2342912
-16
-142
-43298
-2293760
-17
-139
-37380
-2916352
-19
-177
-25958
-3325952
-20
-202
-17556
-3899392
-23
-237
-23718
-3850240
-25
-234
-48596
-3276800
-26
-199
-82224
-2834432
-27
-172
-107076
-2785280
-28
-169
-98393
6078464
-17
371
-50583
1949696
-13
119
-1731
557056
-11
34
14481
-1097728
-11
-66
1795
-1245184
-11
-75
-22712
-1261568
-11
-76
-49907
-1277952
-12
-77
-75297
-1343488
-12
-81
-91987
-1343488
-13
-81
-98372
-1376256
-14
-83
-100992
-1409024
-15
-85
-99141
-1392640
-15
-84
-89312
-1343488
-15
-81
-78841
-1359872
-16
-82
-76455
-1261568
-16
-76
-82472
-1228800
-16
-74
-88124
-1212416
-16
-73
-87680
-1163264
-16
-70
-84838
-1114112
-16
-67
-78458
-999424
-16
-60
-61288
-1425408
-16
-86
-39877
-1654784
-16
-100
-26911
-1900544
-17
-115
-15404
-1556480
-17
-94
4552
-1622016
-16
-98
21505
-1474560
-16
-89
21597
-1425408
-15
-86
-32817
-1359872
-15
-82
-156939
-753664
-16
-45
-263089
-1212416
-17
-73
-285662
-1343488
-19
-81
-261015
-1458176
-20
-88
-232367
-2293760
-22
-139
-208691
-1507328
-23
-91
-179088
-1064960
-22
-64
-134028
-1064960
-22
-64
-99163
-1409024
-22
-85
-94488
-1228800
-21
-74
-110168
-1622016
-21
-98
-110128
-1441792
-21
-87
-64929
-1310720
-21
-79
-7759
-1294336
-20
-78
22353
-1179648
-18
-71
18806
-1245184
-17
-75
1219
-1294336
-17
-78
-14105
-1196032
-16
-72
-23256
-933888
-15
-56
-13023
-1376256
-15
-83
-4181
-1146880
-15
-69
-24821
-1441792
-15
-87
-60904
-1327104
-15
-80
-95837
-1376256
-15
-83
-121977
-1425408
-16
-86
-129699
-1441792
-17
-87
-123314
-1458176
-17
-88
-121670
-1589248
-18
-96
-125743
-1376256
-18
-83
-116708
-1310720
-18
-79
-101384
-1228800
-18
-74
-90915
-1097728
-18
-66
-76433
-1179648
-18
-71
-59781
-1179648
-17
-71
-46725
-1130496
-17
-68
-40885
-1294336
-17
-78
-44019
-1310720
-16
-79
-52222
-1409024
-16
-85
-64726
-1425408
-17
-86
-77843
-1540096
-17
-93
-83253
-1540096
-17
-93
-79601
-1507328
-18
-91
-73194
-1376256
-18
-83
-71800
-1327104
-17
-80
-76166
-1441792
-18
-87
-80627
-1441792
-18
-87
-83924
-1277952
-18
-77
-85851
-1376256
-18
-83
-83377
-1392640
-18
-84
-78648
-1261568
-18
-76
-77580
-1359872
-18
-82
-81628
-1310720
-18
-79
-87802
-1327104
-18
-80
-90977
-1359872
-18
-82
-89847
-1294336
-18
-78
-88349
-1327104
-18
-80
-87102
-1359872
-18
-82
-86296
-1359872
-18
-82
-88100
-1343488
-18
-81
-96021
-1228800
-18
-74
-106540
-1261568
-18
-76
-106451
-1294336
-18
-78
-95377
-1343488
-18
-81
-86072
-1376256
-18
-83
-84428
-1425408
-18
-86
-84179
-1605632
-18
-97
-90099
-1212416
-18
-73
-109126
-1343488
-18
-81
-126220
-1490944
-19
-90
-130168
-1392640
-19
-84
-122097
-1359872
-19
-82
-109033
-1376256
-19
-83
-97433
-1343488
-19
-81
-88462
-1376256
-19
-83
-87417
-1343488
-19
-81
-93241
-1294336
-19
-78
-94801
-1359872
-19
-82
-90866
-1343488
-19
-81
-91251
-1359872
-19
-82
-98842
-1458176
-19
-88
-105148
-1343488
-19
-81
-103695
-1376256
-19
-83
-96115
-1359872
-19
-82
-86946
-1277952
-19
-77
-89542
-1523712
-19
-92
-105136
-1425408
-19
-86
-114153
-1261568
-19
-76
-112496
-1327104
-19
-80
-105774
-1327104
-19
-80
-97670
-1359872
-19
-82
-93394
-1425408
-19
-86
-90746
-1310720
-19
-79
-87274
-1376256
-19
-83
-86609
-1359872
-19
-82
-89493
-1327104
-19
-80
-90853
-1359872
-19
-82
-87901
-1359872
-19
-82
-86175
-1310720
-18
-79
-88737
-1327104
-18
-80
-91272
-1327104
-18
-80
-93114
-1343488
-18
-81
-96383
-1343488
-18
-81
-100465
-1343488
-18
-81
-104886
-1343488
-19
-81
-119305
-1228800
-19
-74
-174853
196608
-17
12
-142874
-1409024
-18
-85
75751
-950272
-16
-57
236183
-1097728
-14
-66
205537
-1376256
-12
-83
97654
-1867776
-12
-113
-8586
-1392640
-12
-84
-81066
-1458176
-13
-88
-114532
-1261568
-14
-76
-121760
-1376256
-15
-83
-119523
-1310720
-15
-79
-112877
-1343488
-16
-81
-106206
-1392640
-16
-84
-104640
-1327104
-17
-80
-104498
-1359872
-17
-82
-101665
-1343488
-17
-81
-98487
-1359872
-17
-82
-98235
-1359872
-18
-82
-99258
-1359872
-18
-82
-99425
-1343488
-18
-81
-100300
-1359872
-18
-82
-101232
-1359872
-18
-82
-101936
-1327104
-18
-80
-105671
-1310720
-18
-79
-110754
-1343488
-18
-81
-112813
-1359872
-19
-82
-113067
-1343488
-19
-81
-113613
-1310720
-19
-79
-115238
-1327104
-19
-80
-117974
-1327104
-19
-80
-119325
-1343488
-19
-81
-116425
-1343488
-19
-81
-110341
-1327104
-19
-80
-106795
-1310720
-19
-79
-107465
-1343488
-19
-81
-108590
-1359872
-19
-82
-107388
-1327104
-19
-80
-105551
-1310720
-19
-79
-106157
-1376256
-19
-83
-107608
-1409024
-19
-85
-106806
-1343488
-19
-81
-104185
-1343488
-19
-81
-100415
-1310720
-19
-79
-96081
-1327104
-19
-80
-93790
-1376256
-19
-83
-95171
-1327104
-19
-80
-98800
-1327104
-19
-80
-102378
-1359872
-19
-82
-107180
-1327104
-19
-80
-113402
-1310720
-19
-79
-116322
-1376256
-19
-83
-113775
-1327104
-19
-80
-109659
-1294336
-19
-78
-107110
-1359872
-19
-82
-107001
-1327104
-19
-80
-109034
-1343488
-19
-81
-109193
-1359872
-19
-82
-106325
-1327104
-19
-80
-18989
-5799936
-24
-353
217799
-5177344
-26
-315
468975
-5996544
-26
-365
538971
-4063232
-24
-247
367205
-2850816
-21
-173
112143
-1212416
-19
-73
-52130
-1327104
-19
-80
-124662
-1343488
-19
-81
-148599
-1507328
-20
-91
-146018
-1081344
-20
-65
-128768
-1409024
-20
-85
-100170
-1048576
-19
-63
-75707
-1196032
-19
-72
-68391
-1294336
-19
-78
-74549
-1359872
-18
-82
-82397
-1310720
-18
-79
-85510
-1359872
-18
-82
-88040
-1294336
-18
-78
-90752
-1310720
-18
-79
-92806
-1327104
-18
-80
-96245
-1343488
-18
-81
-98223
-1310720
-18
-79
-95747
-1343488
-18
-81
-92101
-1359872
-18
-82
-90061
-1376256
-18
-83
-88129
-1327104
-18
-80
-86762
-1327104
-18
-80
-87104
-1343488
-18
-81
-86953
-1327104
-18
-80
-85533
-1343488
-18
-81
-85078
-1343488
-18
-81
-86250
-1277952
-18
-77
-85567
-1392640
-18
-84
-83197
-1376256
-18
-83
-84087
-1343488
-18
-81
-88293
-1343488
-18
-81
-92734
-1343488
-18
-81
-94968
-1310720
-18
-79
-93476
-1359872
-18
-82
-89743
-1327104
-18
-80
-86091
-1376256
-18
-83
-84564
-1327104
-18
-80
-85433
-1343488
-18
-81
-87056
-1327104
-18
-80
-88552
-1376256
-18
-83
-88486
-1376256
-18
-83
-87793
-1327104
-18
-80
-89240
-1359872
-18
-82
-92286
-1376256
-18
-83
-96276
-1392640
-18
-84
-100684
-1376256
-18
-83
-102971
-1343488
-18
-81
-102660
-1343488
-19
-81
-100254
-1359872
-19
-82
-95420
-1392640
-19
-84
-91994
-1327104
-19
-80
-77918
-229376
-17
-13
-4671
16384
-15
1
105291
-786432
-13
-47
143275
-901120
-11
-54
90464
-1441792
-11
-87
8895
-1376256
-11
-83
-60328
-1441792
-12
-87
-101360
-1343488
-13
-81
-117477
-1343488
-14
-81
-117855
-1294336
-14
-78
-110528
-1327104
-15
-80
-104209
-1327104
-16
-80
-101116
-1310720
-16
-79
-95767
-1343488
-16
-81
-87614
-1327104
-16
-80
-81608
-1294336
-17
-78
-79213
-1310720
-17
-79
-80060
-1327104
-17
-80
-83124
-1343488
-17
-81
-86276
-1327104
-17
-80
-89720
-1343488
-17
-81
-91250
-1327104
-17
-80
-89367
-1327104
-17
-80
-88793
-1327104
-17
-80
-92231
-1343488
-18
-81
-96396
-1294336
-18
-78
-97527
-1310720
-18
-79
-97101
-1277952
-18
-77
-98358
-1294336
-18
-78
-102181
-1376256
-18
-83
-107137
-1294336
-18
-78
-110119
-1359872
-18
-82
-108165
-1343488
-18
-81
-102490
-1310720
-18
-79
-96810
-1343488
-18
-81
-91555
-1310720
-18
-79
-88997
-1343488
-18
-81
-91560
-1327104
-18
-80
-95546
-1327104
-18
-80
-97939
-1343488
-18
-81
-97923
-1359872
-18
-82
-94705
-1327104
-18
-80
-91034
-1343488
-18
-81
-89272
-1327104
-18
-80
-86562
-1327104
-18
-80
-83087
-1327104
-18
-80
-84655
-1359872
-18
-82
-91199
-1310720
-18
-79
-95820
-1392640
-18
-84
-96189
-1409024
-18
-85
-95810
-1359872
-18
-82
-96331
-1343488
-18
-81
-97082
-1376256
-19
-83
-99936
-1359872
-19
-82
-105098
-1392640
-19
-84
-106504
-1392640
-19
-84
-101558
-1359872
-19
-82
-94219
-1359872
-19
-82
-87871
-1327104
-19
-80
-83646
-1327104
-19
-80
-81436
-1359872
-18
-82
-81760
-1376256
-18
-83
-85255
-1376256
-18
-83
-90222
-1359872
-18
-82
-94457
-1343488
-18
-81
-97247
-1343488
-18
-81
-97581
-1327104
-18
-80
-94600
-1310720
-18
-79
-89949
-1359872
-18
-82
-86969
-1327104
-18
-80
-86589
-1359872
-18
-82
-85173
-1327104
-18
-80
-80396
-1392640
-18
-84
-75521
-1343488
-18
-81
-75236
-1310720
-18
-79
-79134
-1310720
-18
-79
-83707
-1359872
-18
-82
-88431
-1310720
-18
-79
-94154
-1327104
-18
-80
-96534
-1327104
-18
-80
-93576
-1294336
-18
-78


